0,8587
1,9306
2,1788
3,7748
4,1718
5,1575
6,101
7,3977
8,113
9,7919
10,8286
11,2612
12,1560
13,5618
14,3761
15,3419
16,5060
17,6759
18,1737
19,8897
20,9072
21,4012
22,8547
23,5551
24,3664
25,4750
26,2945
27,2350
28,6189
29,6158
30,9630
31,2236
32,9036
33,7722
34,9292
35,3045
36,709
37,8161
38,3963
39,1154
40,1895
41,7814
42,7305
43,9983
44,8240
45,8595
46,6306
47,2216
48,7715
49,7497
50,2125
51,7439
52,7262
53,6123
54,4344
55,4296
56,9229
57,4460
58,9545
59,7346
60,4585
61,2082
62,9608
63,9721
64,7539
65,4357
66,1381
67,7913
68,5281
69,8304
70,7494
71,3075
72,5243
73,8184
74,591
75,9937
76,6603
77,6166
78,1715
79,5142
80,4446
81,2024
82,9669
83,5086
84,3446
85,2725
86,6839
87,6703
88,4750
89,5716
90,2694
91,9196
92,4194
93,9349
94,4509
95,5510
96,6925
97,2123
98,7941
99,7972
100,8298
101,8631
102,7804
103,2632
104,6502
105,9443
106,866
107,687
108,5418
109,5274
110,6218
111,743
112,3620
113,3814
114,2366
115,9962
116,8607
117,5650
118,4293
119,7972
120,4014
121,2034
122,9666
123,7292
124,6110
125,5978
126,8399
127,7498
128,3497
129,2292
130,3715
131,5730
132,9299
133,2800
134,4656
135,6898
136,2610
137,7073
138,5403
139,6045
140,2274
141,6744
142,2793
143,5743
144,7982
145,6509
146,5135
147,2832
148,464
149,8457
150,587
151,9718
152,1400
153,7122
154,4583
155,2017
156,1782
157,8398
158,4311
159,4386
160,9751
161,7210
162,8799
163,6426
164,1961
165,8436
166,8997
167,4424
168,9350
169,9324
170,6453
171,7372
172,4427
173,7896
174,9611
175,4416
176,2677
177,8249
178,2305
179,8826
180,806
181,8131
182,7951
183,5105
184,693
185,5005
186,1184
187,6769
188,5270
189,1759
190,1223
191,1150
192,3940
193,7032
194,821
195,4365
196,1202
197,3028
198,4470
199,9393
200,6748
201,1777
202,4236
203,2509
204,9907
205,6773
206,7919
207,6732
208,2330
209,6941
210,4032
211,946
212,3281
213,4093
214,5240
215,6571
216,5625
217,6441
218,7213
219,2045
220,2817
221,2681
222,7489
223,1225
224,5595
225,7163
226,6561
227,7446
228,7438
229,6724
230,8537
231,8373
232,3276
233,8898
234,4925
235,8145
236,3623
237,2049
238,8026
239,2965
240,5719
241,1664
242,803
243,4731
244,994
245,5762
246,4307
247,2494
248,5620
249,4471
250,5557
251,3189
252,83
253,1482
254,2942
255,5580
256,1228
257,6876
258,6769
259,9710
260,2490
261,647
262,3413
263,5537
264,5525
265,9357
266,2128
267,1540
268,6546
269,7281
270,1412
271,1183
272,3137
273,4503
274,9994
275,195
276,3025
277,3470
278,7782
279,663
280,1233
281,1684
282,3249
283,514
284,3430
285,1158
286,4264
287,5537
288,8796
289,352
290,8075
291,642
292,2508
293,3378
294,4437
295,6904
296,6677
297,7913
298,1031
299,6442
300,5198
301,3984
302,6628
303,3884
304,5921
305,8605
306,1706
307,8344
308,3561
309,2832
310,8479
311,181
312,3008
313,4916
314,4018
315,2183
316,5311
317,5420
318,4401
319,473
320,1049
321,6443
322,6451
323,9593
324,981
325,3674
326,7265
327,5680
328,3514
329,6533
330,9675
331,1426
332,3064
333,8282
334,6511
335,333
336,434
337,3115
338,7553
339,6190
340,3685
341,6250
342,5130
343,4392
344,4595
345,8351
346,4367
347,384
348,7919
349,6630
350,6115
351,6457
352,5895
353,3915
354,8563
355,3041
356,5507
357,2182
358,9305
359,3069
360,260
361,3971
362,1561
363,6032
364,2156
365,525
366,9461
367,2462
368,3889
369,9071
370,7214
371,7763
372,4054
373,8663
374,5836
375,3332
376,5646
377,4851
378,6882
379,2082
380,5805
381,5968
382,314
383,1719
384,3585
385,8244
386,913
387,8792
388,9603
389,1348
390,1241
391,3351
392,4301
393,7101
394,2537
395,8234
396,8796
397,4781
398,3809
399,5031
400,592
401,5515
402,6708
403,4546
404,5502
405,7885
406,4750
407,6075
408,4429
409,2074
410,3482
411,4938
412,719
413,2060
414,2599
415,912
416,8812
417,3465
418,5715
419,1858
420,106
421,1901
422,3793
423,2929
424,1833
425,7451
426,8403
427,839
428,8498
429,8188
430,8252
431,7606
432,3283
433,2108
434,9641
435,7922
436,7840
437,3467
438,6712
439,5381
440,6122
441,3241
442,8121
443,5863
444,6138
445,3533
446,2329
447,5399
448,8525
449,9061
450,2334
451,1484
452,935
453,6885
454,6882
455,5707
456,6402
457,2821
458,7036
459,1367
460,5805
461,6744
462,3459
463,6969
464,3962
465,7258
466,3221
467,2278
468,9812
469,6278
470,778
471,753
472,7509
473,7705
474,6476
475,2250
476,8510
477,1212
478,1900
479,5267
480,4074
481,7218
482,8959
483,2464
484,2549
485,606
486,7700
487,3450
488,4572
489,9324
490,4255
491,8583
492,9265
493,8893
494,311
495,5173
496,7876
497,1738
498,5474
499,8681
500,6074
501,4078
502,1667
503,8858
504,9136
505,226
506,8377
507,8233
508,3819
509,6677
510,9287
511,2427
512,9510
513,3738
514,1893
515,9446
516,3122
517,6092
518,7437
519,4710
520,1546
521,5769
522,3018
523,6947
524,5317
525,595
526,9389
527,6263
528,5283
529,7297
530,3932
531,2845
532,1099
533,1520
534,2725
535,7069
536,9080
537,9525
538,6050
539,1653
540,4488
541,9560
542,7721
543,8627
544,9605
545,9048
546,9918
547,1103
548,7803
549,2133
550,3867
551,1837
552,8090
553,2593
554,9448
555,4200
556,2656
557,5458
558,8921
559,2174
560,9
561,9391
562,7353
563,4296
564,2395
565,8783
566,308
567,6818
568,180
569,4580
570,559
571,7702
572,2987
573,9933
574,6359
575,738
576,6520
577,3048
578,9657
579,9168
580,4796
581,3392
582,5535
583,4440
584,5414
585,9097
586,5971
587,7989
588,2892
589,4281
590,8898
591,4401
592,8241
593,239
594,636
595,1002
596,678
597,8374
598,3306
599,3047
600,2651
601,1246
602,7715
603,74
604,6714
605,6897
606,5220
607,8655
608,8944
609,1647
610,2108
611,6529
612,5851
613,1670
614,3881
615,9886
616,8142
617,2257
618,5388
619,5908
620,5199
621,6522
622,3323
623,1830
624,1012
625,2750
626,1568
627,1979
628,4587
629,4363
630,182
631,8779
632,7688
633,1134
634,2788
635,4883
636,2035
637,4304
638,2541
639,1929
640,334
641,3295
642,1705
643,3134
644,6482
645,3149
646,8263
647,2454
648,4837
649,6971
650,3976
651,19
652,8020
653,7119
654,5108
655,3832
656,929
657,1324
658,2344
659,1354
660,2663
661,5577
662,8332
663,8750
664,5236
665,2076
666,6335
667,2837
668,5673
669,1054
670,7630
671,5837
672,3114
673,8401
674,5653
675,3374
676,5241
677,4446
678,9640
679,270
680,6725
681,7466
682,8540
683,4953
684,1286
685,7832
686,3823
687,5479
688,8802
689,414
690,5737
691,6835
692,6585
693,1139
694,2211
695,7299
696,4057
697,6422
698,7899
699,4734
700,2245
701,9139
702,5093
703,3800
704,4432
705,2221
706,5989
707,9524
708,576
709,2603
710,3943
711,9821
712,2206
713,8240
714,6975
715,1905
716,5101
717,2709
718,8034
719,3148
720,450
721,1723
722,1818
723,8412
724,4246
725,9957
726,6399
727,3733
728,2247
729,8468
730,7494
731,5551
732,5093
733,8436
734,5433
735,2277
736,897
737,4073
738,2662
739,1585
740,1981
741,3203
742,4509
743,2163
744,1006
745,3688
746,9119
747,1868
748,7892
749,4884
750,6345
751,7817
752,5969
753,1339
754,9931
755,5183
756,7578
757,9223
758,9887
759,2091
760,5855
761,6767
762,664
763,4129
764,5079
765,6126
766,5034
767,8361
768,9573
769,3747
770,1213
771,4877
772,3212
773,3013
774,9196
775,1249
776,5427
777,6849
778,7116
779,9871
780,6763
781,2845
782,1218
783,3354
784,5013
785,915
786,2193
787,8819
788,986
789,9295
790,213
791,7575
792,7689
793,6479
794,1350
795,6098
796,789
797,1256
798,7261
799,536
800,9460
801,4510
802,5639
803,8928
804,2170
805,7748
806,3124
807,569
808,8984
809,455
810,8873
811,2387
812,8833
813,5624
814,5032
815,3602
816,4515
817,3183
818,2392
819,4807
820,9805
821,15
822,1175
823,193
824,1573
825,3249
826,1383
827,153
828,911
829,6690
830,6182
831,2876
832,6724
833,5331
834,3406
835,1269
836,4520
837,7194
838,3940
839,3927
840,7316
841,1341
842,8747
843,4786
844,6124
845,2613
846,2962
847,1890
848,587
849,1272
850,995
851,4953
852,9954
853,3120
854,1759
855,8821
856,373
857,8932
858,6609
859,253
860,3678
861,4407
862,789
863,7165
864,8917
865,2033
866,5458
867,8800
868,5185
869,2460
870,5218
871,9424
872,766
873,710
874,727
875,4651
876,3071
877,7891
878,6979
879,7938
880,4315
881,7578
882,5299
883,1433
884,3968
885,7808
886,4599
887,5711
888,2214
889,9667
890,9451
891,2640
892,7296
893,4263
894,8872
895,4134
896,9861
897,1244
898,6798
899,2693
900,784
901,6774
902,1623
903,8381
904,7421
905,8891
906,8264
907,4570
908,4263
909,4114
910,9816
911,4255
912,2217
913,1631
914,7564
915,2189
916,5945
917,6735
918,9616
919,1229
920,2578
921,2657
922,4111
923,6318
924,5783
925,3676
926,2544
927,3633
928,9999
929,7810
930,2640
931,3798
932,6834
933,8567
934,6459
935,3546
936,2704
937,4698
938,9359
939,4488
940,8084
941,9756
942,7915
943,4215
944,4819
945,3040
946,8680
947,9480
948,418
949,2374
950,8750
951,3780
952,9906
953,3547
954,8757
955,9139
956,1276
957,5229
958,1418
959,3130
960,4800
961,2067
962,7016
963,5408
964,2544
965,6221
966,8556
967,5724
968,1208
969,4354
970,3821
971,9630
972,1693
973,9156
974,4487
975,748
976,2209
977,7387
978,2131
979,5464
980,8023
981,7944
982,6299
983,1150
984,4808
985,3744
986,4374
987,8456
988,8498
989,2289
990,8581
991,5188
992,9467
993,8075
994,4080
995,1810
996,5898
997,7206
998,7108
999,7972
