0,1975
1,4315
2,801
3,646
4,6363
5,4285
6,2154
7,3714
8,8897
9,4736
10,1800
11,4494
12,4559
13,8274
14,7540
15,2573
16,9238
17,4911
18,1533
19,8281
20,8632
21,4793
22,9037
23,6812
24,6986
25,5714
26,419
27,933
28,3727
29,4838
30,8186
31,4760
32,9830
33,7165
34,4072
35,677
36,8469
37,2317
38,6050
39,2709
40,840
41,8135
42,479
43,6916
44,3689
45,8093
46,9272
47,9325
48,1368
49,6407
50,1926
51,1620
52,5093
53,9862
54,895
55,5066
56,1325
57,7510
58,4113
59,4523
60,7137
61,9854
62,8599
63,739
64,3055
65,1225
66,6711
67,4995
68,4898
69,8029
70,3235
71,8770
72,3399
73,5981
74,4547
75,3820
76,1100
77,2038
78,3208
79,4073
80,6733
81,1244
82,1211
83,8748
84,9048
85,4538
86,376
87,103
88,6126
89,7566
90,2512
91,5674
92,423
93,3508
94,3779
95,1485
96,4780
97,2561
98,1880
99,439
100,3822
101,3428
102,231
103,9274
104,1236
105,61
106,5642
107,4964
108,8536
109,4103
110,2295
111,7121
112,7130
113,9538
114,2732
115,9694
116,549
117,2773
118,6952
119,4286
120,9826
121,201
122,4826
123,7659
124,3109
125,5329
126,267
127,7794
128,3989
129,6513
130,2773
131,1195
132,1937
133,247
134,8603
135,5903
136,4414
137,8171
138,4417
139,2240
140,1435
141,5008
142,5894
143,1850
144,235
145,2742
146,8562
147,6125
148,8268
149,3744
150,3751
151,3857
152,5579
153,1871
154,3094
155,5163
156,6640
157,3937
158,8238
159,6573
160,9037
161,8639
162,2933
163,5328
164,8327
165,6878
166,309
167,9071
168,3161
169,5201
170,9599
171,5529
172,7391
173,285
174,9547
175,9262
176,71
177,5373
178,9604
179,187
180,4483
181,6572
182,1892
183,9689
184,2092
185,3228
186,6654
187,7280
188,4021
189,9464
190,5465
191,5352
192,2321
193,1241
194,9052
195,6801
196,1166
197,4438
198,4565
199,4133
200,1781
201,2374
202,7345
203,376
204,824
205,1819
206,2783
207,2918
208,6614
209,3392
210,8113
211,1837
212,5916
213,3129
214,8502
215,901
216,1552
217,8842
218,2384
219,6382
220,4038
221,3130
222,2456
223,5919
224,7159
225,8819
226,731
227,7961
228,9567
229,4311
230,9123
231,4221
232,8568
233,4210
234,7233
235,726
236,2461
237,5319
238,4003
239,4371
240,7658
241,1096
242,2018
243,7517
244,9878
245,4565
246,3671
247,9112
248,8479
249,2021
250,2559
251,4164
252,8475
253,6168
254,929
255,2712
256,1423
257,9793
258,2003
259,3835
260,3366
261,2028
262,7089
263,5282
264,6861
265,2590
266,1546
267,7428
268,8777
269,3104
270,2784
271,4776
272,4420
273,168
274,1986
275,2626
276,5360
277,9655
278,7027
279,932
280,6261
281,6807
282,368
283,3534
284,3902
285,1803
286,1325
287,6015
288,6090
289,4698
290,8280
291,8049
292,5672
293,3660
294,2737
295,4498
296,1246
297,6847
298,5878
299,7691
300,6475
301,5763
302,5834
303,7689
304,7306
305,4567
306,2887
307,1145
308,8627
309,8055
310,7654
311,8480
312,1388
313,7180
314,3302
315,4431
316,8835
317,4119
318,132
319,6401
320,7367
321,6636
322,1377
323,1822
324,9046
325,615
326,1601
327,9833
328,2889
329,2690
330,3233
331,4823
332,528
333,5184
334,742
335,834
336,1852
337,3482
338,4975
339,5771
340,4299
341,1281
342,6971
343,5404
344,5230
345,9717
346,9106
347,8212
348,7944
349,7862
350,2790
351,1997
352,9125
353,879
354,3198
355,272
356,1570
357,8524
358,7408
359,6297
360,8563
361,7589
362,9171
363,9507
364,1692
365,3248
366,1893
367,6350
368,2850
369,2476
370,7971
371,1233
372,7775
373,1087
374,1122
375,9037
376,6333
377,6404
378,2872
379,8800
380,5889
381,1116
382,3611
383,6855
384,4313
385,6115
386,5083
387,7341
388,1860
389,7041
390,9277
391,8076
392,2664
393,8574
394,8236
395,1178
396,7603
397,2602
398,5860
399,2483
400,7519
401,8908
402,122
403,8777
404,1022
405,4566
406,7755
407,2475
408,6847
409,8582
410,5482
411,6857
412,4421
413,2601
414,2421
415,3038
416,3329
417,4539
418,4079
419,9879
420,2479
421,5526
422,5834
423,4456
424,2282
425,2047
426,136
427,3315
428,2517
429,7108
430,6336
431,333
432,1246
433,5713
434,4556
435,9100
436,5253
437,7630
438,287
439,9032
440,3139
441,7061
442,124
443,4507
444,8648
445,5199
446,1584
447,8603
448,2942
449,7317
450,3340
451,6459
452,3183
453,3553
454,9506
455,6547
456,5879
457,3105
458,8089
459,1851
460,350
461,9040
462,9521
463,7744
464,2900
465,4934
466,9431
467,925
468,1057
469,7447
470,4458
471,5644
472,6906
473,1536
474,5012
475,124
476,9548
477,8286
478,8815
479,7090
480,8261
481,1980
482,1958
483,6871
484,3627
485,7257
486,1390
487,6518
488,820
489,3055
490,3998
491,9327
492,8380
493,2755
494,8092
495,2568
496,9908
497,5149
498,6733
499,5790
500,6131
501,483
502,6200
503,7026
504,2208
505,589
506,7378
507,804
508,3050
509,4732
510,3738
511,2575
512,3329
513,5676
514,6693
515,7663
516,1738
517,8650
518,4884
519,7573
520,3060
521,7665
522,9881
523,3759
524,8823
525,9272
526,5872
527,1911
528,4501
529,4062
530,3550
531,6331
532,1958
533,3441
534,5891
535,4876
536,2821
537,8192
538,6187
539,9350
540,2501
541,7482
542,6574
543,3377
544,4564
545,161
546,9452
547,3068
548,7357
549,4473
550,3407
551,3716
552,1871
553,217
554,238
555,8736
556,9344
557,9282
558,7181
559,2888
560,2049
561,7116
562,4740
563,7282
564,2473
565,1791
566,40
567,4753
568,3396
569,1809
570,9184
571,7479
572,666
573,3900
574,3287
575,2698
576,9405
577,8071
578,3600
579,3029
580,3289
581,8946
582,9627
583,1136
584,4833
585,7441
586,2937
587,3793
588,9869
589,8251
590,6013
591,7286
592,6146
593,1314
594,9911
595,933
596,8648
597,2081
598,9146
599,226
600,5723
601,8233
602,6200
603,2022
604,5337
605,9987
606,5148
607,1068
608,8456
609,1172
610,2591
611,5579
612,734
613,7286
614,6272
615,4874
616,9014
617,8270
618,625
619,4178
620,8478
621,1919
622,525
623,3706
624,9253
625,7703
626,6802
627,9415
628,9390
629,4470
630,6519
631,824
632,214
633,3848
634,5317
635,4924
636,5851
637,5941
638,2398
639,2380
640,437
641,8042
642,4626
643,6944
644,9097
645,8984
646,267
647,9180
648,398
649,1168
650,980
651,3338
652,3705
653,7259
654,8957
655,1923
656,143
657,7010
658,4434
659,7498
660,8924
661,8938
662,5308
663,6714
664,3119
665,9899
666,1918
667,7433
668,3740
669,1413
670,4755
671,3218
672,5610
673,2088
674,5277
675,9036
676,4342
677,5542
678,6949
679,6389
680,5719
681,1301
682,7631
683,6931
684,9124
685,1629
686,694
687,9881
688,3008
689,9279
690,9950
691,7666
692,9679
693,1153
694,1255
695,8923
696,8350
697,8622
698,1937
699,4411
700,873
701,2840
702,531
703,2688
704,808
705,3850
706,7774
707,8109
708,8635
709,8372
710,906
711,5246
712,3812
713,6453
714,2133
715,4210
716,3218
717,1925
718,1957
719,3337
720,5493
721,1598
722,6909
723,6653
724,8694
725,7536
726,5150
727,3893
728,8131
729,9704
730,2129
731,4683
732,1694
733,2914
734,5078
735,7649
736,6214
737,4577
738,8816
739,291
740,4985
741,922
742,9172
743,7396
744,781
745,4906
746,3706
747,3636
748,6346
749,509
750,3741
751,4442
752,9664
753,4264
754,8535
755,9281
756,1344
757,9872
758,307
759,2709
760,2179
761,771
762,4122
763,5792
764,5821
765,9958
766,2287
767,3517
768,8644
769,3443
770,1765
771,7049
772,3551
773,4596
774,1397
775,8678
776,9756
777,6799
778,7956
779,3295
780,1659
781,5148
782,2860
783,9824
784,269
785,9787
786,3728
787,2571
788,3004
789,4748
790,3469
791,7041
792,8594
793,2326
794,2436
795,4718
796,2703
797,8062
798,3820
799,1395
800,5577
801,9582
802,9670
803,3820
804,304
805,2323
806,4602
807,8110
808,3516
809,3650
810,1048
811,7674
812,6913
813,9801
814,6907
815,7602
816,5625
817,2097
818,6410
819,3295
820,3384
821,2538
822,3179
823,8160
824,2319
825,9303
826,5504
827,5466
828,8175
829,4965
830,2080
831,946
832,6802
833,3649
834,3067
835,359
836,45
837,6156
838,2477
839,8327
840,3723
841,7145
842,1197
843,569
844,8180
845,3842
846,927
847,2953
848,8640
849,4572
850,6228
851,3813
852,4778
853,7439
854,2335
855,1638
856,9133
857,1898
858,507
859,4096
860,9394
861,1626
862,511
863,6231
864,2277
865,4984
866,1244
867,8101
868,9658
869,7899
870,6260
871,69
872,5383
873,948
874,5319
875,9835
876,7215
877,1080
878,7887
879,9972
880,6062
881,532
882,9491
883,7285
884,9948
885,7053
886,1906
887,3422
888,9661
889,1638
890,2359
891,9392
892,3325
893,6947
894,905
895,8877
896,8444
897,4595
898,4839
899,4598
900,9031
901,7112
902,3514
903,7581
904,9141
905,5178
906,8901
907,490
908,7513
909,1447
910,1952
911,6768
912,1535
913,1176
914,9763
915,6556
916,4823
917,9165
918,5226
919,5518
920,9136
921,4259
922,9324
923,1172
924,9682
925,9924
926,5255
927,2798
928,7230
929,3010
930,843
931,8252
932,3002
933,5566
934,1254
935,8742
936,4998
937,9840
938,4847
939,8547
940,4429
941,3809
942,3751
943,9818
944,4733
945,8747
946,1916
947,1444
948,8676
949,9764
950,8845
951,7205
952,171
953,5020
954,2221
955,7476
956,7447
957,3993
958,4040
959,6942
960,220
961,7858
962,4057
963,8511
964,6085
965,3881
966,6122
967,9349
968,4118
969,2470
970,8938
971,7995
972,2528
973,3557
974,4272
975,7444
976,5400
977,4449
978,328
979,6395
980,1839
981,3536
982,7414
983,2564
984,2096
985,8602
986,2538
987,3640
988,1433
989,8874
990,928
991,7018
992,5499
993,322
994,6084
995,7914
996,7156
997,2551
998,7795
999,3460
