0,6556
1,2732
2,4207
3,4807
4,69
5,8173
6,5752
7,3062
8,870
9,4784
10,5253
11,3386
12,6975
13,8128
14,9914
15,2500
16,6570
17,4469
18,5515
19,8902
20,365
21,7298
22,9154
23,8722
24,3084
25,8271
26,5792
27,7045
28,2982
29,476
30,3082
31,4526
32,3132
33,2094
34,7515
35,9205
36,1079
37,9212
38,5636
39,7552
40,2729
41,7537
42,9704
43,2525
44,4573
45,734
46,3988
47,6165
48,9172
49,7051
50,7638
51,6700
52,4950
53,2744
54,1488
55,5938
56,986
57,6064
58,504
59,9845
60,6199
61,8375
62,61
63,2071
64,414
65,4897
66,2644
67,768
68,9933
69,6837
70,9795
71,3295
72,2882
73,5006
74,8475
75,62
76,1034
77,3142
78,6002
79,9766
80,1208
81,4197
82,775
83,8212
84,3035
85,7877
86,260
87,413
88,1595
89,7468
90,8881
91,2206
92,4698
93,5997
94,2555
95,7989
96,7836
97,534
98,4955
99,3135
100,203
101,7535
102,1149
103,9533
104,3109
105,1074
106,3171
107,454
108,414
109,8431
110,5287
111,3403
112,4639
113,2146
114,8076
115,1284
116,1212
117,811
118,4791
119,2553
120,8992
121,680
122,9565
123,3812
124,1687
125,2397
126,1261
127,1867
128,248
129,7938
130,8726
131,9006
132,3366
133,8404
134,7754
135,8490
136,7222
137,441
138,7941
139,1227
140,525
141,4651
142,3520
143,9266
144,7342
145,4103
146,8762
147,9335
148,536
149,3300
150,2310
151,282
152,7469
153,5130
154,2693
155,2778
156,9670
157,9395
158,6585
159,3869
160,2608
161,6860
162,9521
163,920
164,8918
165,11
166,9483
167,5943
168,2347
169,8614
170,1165
171,5038
172,6593
173,3016
174,7684
175,7908
176,937
177,3948
178,2675
179,1335
180,7084
181,3471
182,2072
183,1906
184,2091
185,4356
186,2008
187,9522
188,747
189,5246
190,4539
191,8068
192,7340
193,2806
194,233
195,6479
196,3883
197,4285
198,8397
199,5640
200,855
201,1672
202,3083
203,9924
204,4088
205,3889
206,1864
207,7393
208,4953
209,3459
210,3354
211,8602
212,3000
213,1103
214,375
215,7652
216,8582
217,4698
218,8539
219,696
220,1663
221,6358
222,170
223,3123
224,3274
225,7605
226,4629
227,8956
228,3303
229,3281
230,4801
231,3960
232,210
233,4780
234,3128
235,9209
236,4908
237,518
238,3621
239,4414
240,673
241,9467
242,6943
243,9683
244,6591
245,959
246,9373
247,6196
248,6308
249,7799
250,1221
251,9245
252,9934
253,2332
254,8923
255,3274
256,3999
257,243
258,5267
259,398
260,3856
261,2893
262,9286
263,452
264,8721
265,296
266,8911
267,6155
268,9480
269,1701
270,8162
271,7989
272,9674
273,6083
274,4078
275,1495
276,3321
277,446
278,8598
279,3291
280,9473
281,5225
282,4983
283,854
284,4280
285,3553
286,4222
287,8930
288,4434
289,6829
290,2558
291,7718
292,3148
293,195
294,178
295,56
296,6965
297,2301
298,591
299,2853
300,3552
301,1146
302,2755
303,4174
304,7977
305,8254
306,8176
307,511
308,5946
309,4240
310,4485
311,2031
312,1745
313,8087
314,29
315,3658
316,2365
317,3574
318,7903
319,1413
320,1014
321,4264
322,6851
323,7484
324,678
325,5798
326,5681
327,9263
328,194
329,2129
330,3232
331,3480
332,7863
333,5251
334,7348
335,3037
336,9975
337,5777
338,9274
339,5174
340,7816
341,7880
342,3054
343,2395
344,9506
345,2645
346,7401
347,6151
348,3557
349,4448
350,5075
351,7293
352,9610
353,508
354,8884
355,8487
356,1402
357,8317
358,7092
359,9664
360,4669
361,5347
362,1586
363,8007
364,8009
365,2199
366,9093
367,4330
368,6689
369,5958
370,5664
371,8524
372,5950
373,1251
374,5564
375,5342
376,868
377,6946
378,6285
379,7322
380,6456
381,1878
382,2555
383,8720
384,1256
385,7424
386,9251
387,4192
388,5701
389,7809
390,3542
391,6446
392,1611
393,1308
394,7631
395,806
396,8119
397,308
398,6419
399,5250
400,9562
401,1892
402,2259
403,2523
404,643
405,2212
406,3044
407,8807
408,3461
409,5231
410,9029
411,6076
412,6300
413,2329
414,1322
415,6401
416,3252
417,7406
418,5087
419,6301
420,527
421,2724
422,7457
423,977
424,1408
425,1486
426,6428
427,6831
428,9546
429,5647
430,8064
431,1713
432,6213
433,9683
434,8710
435,9642
436,6702
437,9974
438,9938
439,8616
440,6630
441,2566
442,774
443,2746
444,3936
445,7837
446,4033
447,3500
448,5484
449,6801
450,9880
451,5271
452,5059
453,616
454,1335
455,2386
456,4345
457,1097
458,3670
459,2005
460,8779
461,1043
462,6388
463,3945
464,7143
465,6192
466,2644
467,6790
468,7000
469,5063
470,954
471,8473
472,4207
473,1008
474,5290
475,3653
476,3893
477,6678
478,7149
479,2566
480,3382
481,7129
482,6436
483,8182
484,8645
485,9954
486,4309
487,7966
488,484
489,3662
490,9027
491,6812
492,2863
493,7513
494,7796
495,1293
496,5679
497,1007
498,564
499,5682
500,2749
501,2150
502,2631
503,6217
504,1687
505,2927
506,9437
507,7532
508,4375
509,9771
510,9258
511,3937
512,1816
513,9851
514,7264
515,3432
516,2457
517,7023
518,8691
519,6286
520,844
521,2005
522,5224
523,1523
524,6460
525,6856
526,9688
527,6394
528,1907
529,1109
530,7293
531,3391
532,676
533,472
534,8414
535,4970
536,9932
537,5209
538,6052
539,457
540,2966
541,7345
542,8246
543,5851
544,7742
545,6148
546,2952
547,2393
548,2527
549,6514
550,9227
551,9666
552,8025
553,2160
554,8890
555,5234
556,5117
557,6701
558,6346
559,6438
560,5496
561,6262
562,1403
563,8465
564,7921
565,9493
566,3857
567,6686
568,5067
569,6903
570,5414
571,4813
572,3684
573,1369
574,2279
575,2761
576,4191
577,7965
578,9074
579,6277
580,655
581,7194
582,8114
583,2022
584,7312
585,4944
586,9926
587,5562
588,5713
589,8702
590,2844
591,3752
592,4343
593,5185
594,5911
595,4191
596,5740
597,9575
598,4192
599,2640
600,4399
601,983
602,3453
603,3153
604,7706
605,2100
606,6716
607,8508
608,7031
609,3238
610,8233
611,5799
612,1936
613,7861
614,8434
615,1799
616,7554
617,3702
618,4159
619,288
620,7165
621,472
622,6255
623,1865
624,8182
625,9721
626,7156
627,5288
628,7086
629,923
630,8059
631,5614
632,4822
633,8700
634,8966
635,9802
636,1612
637,7182
638,8110
639,5935
640,6711
641,4466
642,7139
643,7839
644,2987
645,8913
646,775
647,1916
648,4755
649,4998
650,9808
651,901
652,5549
653,9261
654,9458
655,9277
656,4929
657,9304
658,3254
659,3998
660,4770
661,3017
662,6262
663,6928
664,9918
665,2516
666,4872
667,3675
668,6811
669,4869
670,6954
671,8528
672,3680
673,5603
674,2588
675,3827
676,5259
677,2306
678,6260
679,5746
680,5326
681,1981
682,7295
683,5117
684,5642
685,9315
686,8678
687,436
688,2805
689,7851
690,1798
691,715
692,8869
693,7347
694,2466
695,2021
696,1301
697,181
698,1744
699,2090
700,3699
701,7804
702,9236
703,4232
704,8301
705,8120
706,4814
707,330
708,6596
709,5839
710,4828
711,4362
712,9497
713,931
714,7084
715,642
716,6711
717,6668
718,7477
719,7182
720,7528
721,9054
722,7989
723,5638
724,9599
725,3014
726,290
727,8694
728,5704
729,5570
730,1522
731,1622
732,8960
733,9955
734,125
735,6627
736,5282
737,6455
738,1776
739,9991
740,7695
741,4768
742,5445
743,6822
744,1949
745,9120
746,6508
747,9964
748,3141
749,7039
750,6011
751,2907
752,7459
753,2127
754,3108
755,9531
756,8419
757,7544
758,429
759,96
760,8335
761,649
762,3809
763,8375
764,6549
765,1846
766,4979
767,4350
768,3977
769,333
770,1485
771,8341
772,9460
773,8700
774,1179
775,7738
776,6361
777,5913
778,2676
779,7758
780,8735
781,8765
782,4826
783,9507
784,9957
785,4767
786,7052
787,9040
788,4415
789,6488
790,5994
791,1651
792,7050
793,2098
794,1784
795,8653
796,7360
797,1073
798,3301
799,2688
800,6400
801,1736
802,9035
803,4221
804,3552
805,2324
806,9610
807,5410
808,5850
809,3269
810,1507
811,9727
812,2740
813,6672
814,7342
815,8006
816,2105
817,1048
818,5122
819,5184
820,7360
821,7596
822,4313
823,6057
824,963
825,3823
826,8598
827,4629
828,5916
829,8858
830,2734
831,9597
832,8759
833,7539
834,7735
835,4535
836,3220
837,9027
838,9104
839,2385
840,7302
841,7074
842,838
843,8354
844,8428
845,5691
846,8805
847,3715
848,1450
849,9812
850,2369
851,3270
852,9484
853,9177
854,1294
855,6383
856,8283
857,9677
858,5952
859,6616
860,6477
861,2184
862,4766
863,3892
864,2822
865,8729
866,5902
867,7525
868,372
869,6882
870,1775
871,5448
872,6248
873,7343
874,385
875,4553
876,46
877,6691
878,3990
879,4480
880,4867
881,5169
882,8517
883,4868
884,4137
885,6655
886,6612
887,1241
888,9931
889,8007
890,8921
891,5687
892,6657
893,2871
894,1272
895,6383
896,3607
897,3894
898,4470
899,8815
900,7237
901,8513
902,6117
903,7969
904,4067
905,9802
906,6773
907,9537
908,1070
909,7004
910,8541
911,3637
912,8187
913,625
914,1771
915,5425
916,9537
917,6072
918,7021
919,1829
920,6999
921,3917
922,4427
923,1437
924,1349
925,5400
926,2976
927,2946
928,7493
929,5800
930,2325
931,7749
932,7416
933,5355
934,3185
935,4885
936,2010
937,2364
938,8241
939,6449
940,30
941,6683
942,3201
943,3980
944,6715
945,8035
946,6525
947,3763
948,4853
949,8952
950,3255
951,3547
952,5314
953,283
954,7101
955,246
956,1710
957,1021
958,5502
959,4104
960,4546
961,3457
962,9361
963,7244
964,2499
965,2441
966,9905
967,2095
968,7033
969,5694
970,3670
971,5775
972,7446
973,3657
974,1358
975,7706
976,4770
977,4613
978,6987
979,5145
980,6922
981,3118
982,5599
983,7590
984,280
985,9981
986,9467
987,9607
988,6788
989,8262
990,5166
991,3636
992,4046
993,7242
994,7584
995,7201
996,2195
997,9274
998,3472
999,955
