0,646
1,704
2,346
3,769
4,397
5,121
6,753
7,623
8,869
9,107
10,473
11,558
12,240
13,677
14,251
15,773
16,60
17,532
18,556
19,428
20,505
21,248
22,827
23,738
24,303
25,422
26,92
27,840
28,421
29,109
30,921
31,446
32,486
33,314
34,997
35,887
36,135
37,790
38,280
39,453
40,695
41,596
42,81
43,268
44,768
45,16
46,127
47,164
48,566
49,114
50,61
51,797
52,496
53,622
54,488
55,841
56,170
57,70
58,450
59,999
60,602
61,679
62,690
63,972
64,533
65,205
66,34
67,819
68,533
69,711
70,334
71,506
72,886
73,525
74,776
75,807
76,289
77,243
78,240
79,593
80,192
81,624
82,114
83,884
84,857
85,880
86,927
87,298
88,796
89,717
90,446
91,288
92,364
93,592
94,220
95,480
96,735
97,261
98,198
99,219
100,793
101,642
102,430
103,387
104,180
105,272
106,371
107,112
108,178
109,195
110,458
111,854
112,905
113,25
114,932
115,786
116,191
117,99
118,605
119,874
120,773
121,998
122,780
123,900
124,511
125,622
126,274
127,331
128,678
129,28
130,807
131,670
132,207
133,232
134,176
135,889
136,852
137,53
138,844
139,53
140,306
141,123
142,883
143,744
144,707
145,528
146,95
147,469
148,126
149,53
150,293
151,719
152,557
153,816
154,404
155,696
156,649
157,600
158,535
159,731
160,290
161,750
162,266
163,371
164,36
165,262
166,985
167,257
168,915
169,13
170,471
171,15
172,655
173,748
174,706
175,64
176,498
177,382
178,293
179,466
180,285
181,320
182,709
183,168
184,569
185,682
186,752
187,382
188,110
189,243
190,593
191,352
192,29
193,919
194,866
195,50
196,232
197,1000
198,666
199,365
200,625
201,890
202,956
203,754
204,610
205,746
206,489
207,565
208,767
209,102
210,500
211,15
212,79
213,599
214,307
215,380
216,813
217,841
218,158
219,935
220,254
221,381
222,798
223,372
224,36
225,652
226,626
227,583
228,784
229,84
230,607
231,641
232,718
233,223
234,825
235,746
236,799
237,509
238,746
239,550
240,588
241,173
242,227
243,969
244,401
245,526
246,855
247,302
248,635
249,107
250,507
251,105
252,988
253,526
254,750
255,365
256,515
257,772
258,436
259,79
260,42
261,680
262,800
263,806
264,340
265,942
266,412
267,693
268,49
269,811
270,91
271,334
272,266
273,508
274,495
275,362
276,914
277,209
278,924
279,696
280,936
281,524
282,482
283,98
284,137
285,293
286,482
287,503
288,978
289,77
290,267
291,239
292,138
293,899
294,796
295,394
296,282
297,811
298,548
299,825
300,541
301,13
302,862
303,886
304,889
305,835
306,743
307,136
308,673
309,959
310,137
311,777
312,949
313,41
314,244
315,523
316,902
317,886
318,246
319,236
320,831
321,799
322,964
323,79
324,848
325,606
326,812
327,678
328,250
329,654
330,203
331,101
332,445
333,325
334,724
335,51
336,276
337,880
338,342
339,814
340,286
341,16
342,738
343,519
344,468
345,986
346,646
347,587
348,751
349,900
350,50
351,63
352,648
353,781
354,393
355,366
356,154
357,973
358,785
359,918
360,497
361,772
362,58
363,474
364,289
365,813
366,625
367,722
368,586
369,455
370,537
371,401
372,35
373,188
374,705
375,439
376,9
377,147
378,709
379,13
380,196
381,959
382,491
383,308
384,862
385,861
386,455
387,987
388,226
389,896
390,771
391,474
392,498
393,732
394,219
395,650
396,668
397,423
398,289
399,173
400,267
401,800
402,144
403,995
404,634
405,863
406,646
407,115
408,367
409,632
410,328
411,500
412,429
413,831
414,65
415,611
416,446
417,567
418,297
419,614
420,275
421,416
422,588
423,935
424,449
425,566
426,96
427,578
428,871
429,527
430,976
431,339
432,384
433,905
434,928
435,158
436,925
437,131
438,138
439,209
440,139
441,408
442,8
443,135
444,460
445,167
446,29
447,336
448,271
449,194
450,652
451,533
452,112
453,877
454,610
455,835
456,759
457,921
458,342
459,728
460,472
461,337
462,271
463,381
464,683
465,299
466,536
467,63
468,310
469,862
470,896
471,31
472,268
473,380
474,499
475,88
476,879
477,224
478,864
479,772
480,922
481,906
482,22
483,918
484,551
485,942
486,152
487,277
488,215
489,529
490,698
491,600
492,366
493,182
494,281
495,651
496,805
497,549
498,954
499,1
500,741
501,511
502,896
503,924
504,759
505,84
506,151
507,195
508,902
509,509
510,714
511,427
512,509
513,124
514,105
515,953
516,618
517,382
518,180
519,440
520,349
521,901
522,168
523,702
524,83
525,902
526,43
527,450
528,99
529,495
530,268
531,561
532,304
533,763
534,569
535,326
536,156
537,334
538,268
539,773
540,316
541,675
542,755
543,823
544,292
545,45
546,198
547,775
548,711
549,552
550,104
551,268
552,253
553,235
554,418
555,978
556,764
557,404
558,927
559,689
560,623
561,182
562,969
563,497
564,163
565,991
566,97
567,51
568,902
569,868
570,978
571,663
572,209
573,53
574,771
575,139
576,895
577,401
578,190
579,444
580,972
581,357
582,153
583,807
584,947
585,150
586,733
587,901
588,217
589,416
590,247
591,100
592,492
593,584
594,321
595,852
596,839
597,913
598,812
599,154
600,998
601,997
602,253
603,24
604,137
605,436
606,162
607,396
608,300
609,867
610,412
611,52
612,442
613,261
614,984
615,139
616,638
617,767
618,262
619,829
620,895
621,359
622,998
623,43
624,393
625,61
626,626
627,900
628,548
629,271
630,311
631,67
632,173
633,735
634,870
635,731
636,717
637,423
638,883
639,174
640,330
641,736
642,636
643,397
644,330
645,338
646,312
647,884
648,827
649,284
650,855
651,953
652,749
653,169
654,123
655,86
656,437
657,743
658,146
659,630
660,727
661,464
662,978
663,876
664,50
665,589
666,964
667,953
668,867
669,499
670,593
671,171
672,389
673,583
674,668
675,54
676,679
677,231
678,657
679,841
680,312
681,527
682,824
683,430
684,372
685,502
686,572
687,60
688,60
689,438
690,818
691,704
692,93
693,445
694,937
695,736
696,268
697,289
698,374
699,196
700,254
701,340
702,809
703,195
704,882
705,66
706,406
707,491
708,310
709,647
710,150
711,522
712,814
713,711
714,960
715,68
716,247
717,730
718,586
719,479
720,839
721,964
722,758
723,397
724,533
725,230
726,249
727,293
728,1000
729,123
730,512
731,131
732,68
733,898
734,86
735,432
736,563
737,932
738,959
739,427
740,427
741,22
742,537
743,171
744,590
745,297
746,938
747,727
748,938
749,31
750,378
751,94
752,429
753,441
754,680
755,670
756,531
757,595
758,214
759,49
760,64
761,707
762,630
763,390
764,617
765,897
766,759
767,926
768,905
769,850
770,151
771,258
772,971
773,115
774,133
775,162
776,901
777,161
778,930
779,58
780,293
781,768
782,792
783,935
784,794
785,583
786,628
787,58
788,155
789,162
790,918
791,846
792,104
793,119
794,49
795,969
796,587
797,697
798,312
799,763
800,159
801,927
802,819
803,965
804,950
805,558
806,806
807,253
808,136
809,362
810,268
811,70
812,610
813,591
814,213
815,453
816,737
817,491
818,624
819,9
820,688
821,803
822,303
823,951
824,353
825,585
826,509
827,439
828,502
829,41
830,399
831,345
832,84
833,861
834,908
835,364
836,905
837,209
838,981
839,930
840,100
841,851
842,469
843,542
844,314
845,110
846,125
847,841
848,96
849,966
850,438
851,447
852,759
853,329
854,193
855,397
856,93
857,8
858,724
859,149
860,414
861,379
862,748
863,333
864,181
865,657
866,161
867,190
868,888
869,850
870,218
871,957
872,633
873,619
874,264
875,223
876,983
877,11
878,603
879,140
880,793
881,801
882,325
883,48
884,209
885,584
886,301
887,833
888,957
889,473
890,524
891,34
892,551
893,309
894,918
895,170
896,277
897,705
898,871
899,604
900,919
901,599
902,342
903,147
904,729
905,236
906,822
907,734
908,193
909,768
910,701
911,565
912,833
913,172
914,833
915,137
916,398
917,635
918,976
919,877
920,931
921,472
922,923
923,206
924,998
925,364
926,533
927,991
928,883
929,29
930,827
931,513
932,2
933,177
934,179
935,463
936,614
937,497
938,29
939,361
940,980
941,580
942,446
943,362
944,509
945,431
946,400
947,845
948,26
949,718
950,307
951,918
952,349
953,551
954,356
955,425
956,645
957,115
958,375
959,445
960,836
961,28
962,91
963,857
964,738
965,224
966,928
967,127
968,496
969,455
970,29
971,372
972,415
973,279
974,537
975,720
976,827
977,756
978,374
979,72
980,798
981,440
982,84
983,969
984,802
985,621
986,246
987,257
988,475
989,978
990,331
991,852
992,21
993,761
994,628
995,571
996,246
997,894
998,85
999,703
