0,450
1,634
2,176
3,733
4,338
5,636
6,444
7,480
8,327
9,500
10,181
11,92
12,747
13,496
14,791
15,937
16,942
17,739
18,239
19,176
20,740
21,944
22,490
23,881
24,259
25,592
26,123
27,879
28,297
29,597
30,309
31,485
32,593
33,998
34,736
35,346
36,917
37,141
38,54
39,383
40,315
41,590
42,790
43,915
44,440
45,569
46,491
47,731
48,414
49,960
50,948
51,889
52,100
53,391
54,252
55,637
56,686
57,78
58,913
59,509
60,740
61,211
62,313
63,536
64,854
65,108
66,126
67,921
68,755
69,859
70,339
71,977
72,209
73,464
74,390
75,390
76,838
77,370
78,795
79,443
80,207
81,174
82,767
83,77
84,174
85,31
86,364
87,625
88,307
89,468
90,430
91,71
92,821
93,894
94,719
95,853
96,749
97,822
98,633
99,878
100,731
101,566
102,503
103,272
104,365
105,971
106,816
107,279
108,733
109,774
110,624
111,933
112,650
113,31
114,914
115,39
116,531
117,799
118,210
119,316
120,912
121,746
122,673
123,592
124,980
125,239
126,423
127,450
128,427
129,87
130,605
131,916
132,420
133,580
134,87
135,574
136,152
137,919
138,176
139,246
140,932
141,29
142,963
143,419
144,113
145,694
146,165
147,181
148,679
149,251
150,591
151,47
152,532
153,298
154,525
155,463
156,982
157,935
158,842
159,618
160,935
161,593
162,314
163,229
164,102
165,932
166,642
167,739
168,861
169,161
170,885
171,304
172,687
173,816
174,37
175,194
176,474
177,113
178,348
179,169
180,447
181,761
182,592
183,534
184,170
185,805
186,364
187,619
188,17
189,56
190,254
191,707
192,722
193,146
194,413
195,75
196,793
197,328
198,111
199,387
200,359
201,399
202,711
203,335
204,843
205,400
206,748
207,708
208,63
209,675
210,471
211,986
212,319
213,485
214,741
215,104
216,448
217,802
218,945
219,256
220,503
221,498
222,127
223,64
224,731
225,713
226,945
227,225
228,803
229,478
230,127
231,960
232,930
233,250
234,69
235,474
236,491
237,494
238,28
239,506
240,827
241,221
242,570
243,865
244,627
245,476
246,555
247,654
248,409
249,358
250,684
251,744
252,796
253,702
254,410
255,446
256,497
257,67
258,498
259,623
260,860
261,639
262,792
263,118
264,982
265,627
266,8
267,891
268,520
269,179
270,564
271,986
272,37
273,515
274,969
275,298
276,251
277,955
278,578
279,226
280,459
281,587
282,964
283,580
284,966
285,533
286,384
287,507
288,129
289,482
290,957
291,352
292,102
293,15
294,355
295,62
296,899
297,477
298,824
299,959
300,495
301,255
302,879
303,843
304,871
305,102
306,367
307,195
308,308
309,50
310,556
311,229
312,634
313,782
314,352
315,238
316,325
317,115
318,167
319,313
320,92
321,209
322,940
323,532
324,150
325,7
326,346
327,535
328,709
329,528
330,375
331,118
332,769
333,12
334,938
335,228
336,582
337,899
338,814
339,315
340,711
341,19
342,444
343,810
344,50
345,755
346,68
347,511
348,556
349,571
350,552
351,734
352,632
353,675
354,849
355,915
356,113
357,23
358,468
359,150
360,735
361,689
362,457
363,258
364,818
365,833
366,63
367,930
368,42
369,89
370,12
371,116
372,46
373,773
374,528
375,532
376,232
377,976
378,867
379,178
380,542
381,178
382,967
383,668
384,598
385,162
386,316
387,132
388,84
389,64
390,475
391,556
392,989
393,662
394,712
395,221
396,747
397,275
398,108
399,184
400,980
401,936
402,853
403,154
404,555
405,49
406,472
407,679
408,492
409,759
410,164
411,267
412,800
413,529
414,729
415,42
416,149
417,47
418,738
419,700
420,316
421,34
422,770
423,760
424,435
425,322
426,416
427,48
428,871
429,539
430,258
431,887
432,41
433,972
434,313
435,763
436,342
437,395
438,981
439,677
440,167
441,937
442,825
443,829
444,920
445,454
446,560
447,583
448,208
449,289
450,806
451,805
452,969
453,84
454,896
455,652
456,518
457,75
458,393
459,158
460,570
461,609
462,702
463,324
464,200
465,174
466,662
467,594
468,464
469,921
470,920
471,867
472,103
473,930
474,552
475,904
476,824
477,15
478,332
479,394
480,742
481,205
482,37
483,469
484,382
485,117
486,497
487,159
488,955
489,332
490,992
491,930
492,160
493,356
494,735
495,382
496,254
497,876
498,782
499,392
500,490
501,707
502,148
503,467
504,648
505,552
506,644
507,771
508,561
509,870
510,617
511,217
512,151
513,650
514,985
515,579
516,21
517,422
518,923
519,451
520,291
521,525
522,582
523,474
524,676
525,878
526,424
527,599
528,418
529,714
530,924
531,903
532,598
533,763
534,455
535,472
536,452
537,398
538,711
539,637
540,883
541,578
542,15
543,555
544,29
545,103
546,423
547,509
548,572
549,949
550,928
551,465
552,458
553,933
554,340
555,605
556,956
557,898
558,311
559,478
560,266
561,29
562,305
563,938
564,54
565,722
566,975
567,965
568,302
569,61
570,291
571,642
572,181
573,16
574,601
575,822
576,817
577,669
578,22
579,177
580,453
581,88
582,770
583,907
584,611
585,717
586,568
587,528
588,669
589,729
590,463
591,761
592,886
593,564
594,568
595,987
596,244
597,783
598,810
599,14
600,960
601,957
602,316
603,393
604,734
605,8
606,148
607,670
608,715
609,419
610,572
611,56
612,394
613,247
614,607
615,365
616,600
617,585
618,277
619,62
620,200
621,610
622,969
623,403
624,82
625,441
626,724
627,411
628,30
629,280
630,839
631,742
632,360
633,923
634,176
635,212
636,210
637,590
638,910
639,540
640,592
641,606
642,634
643,748
644,451
645,867
646,812
647,320
648,540
649,889
650,422
651,663
652,605
653,703
654,882
655,108
656,627
657,420
658,845
659,332
660,697
661,497
662,716
663,209
664,186
665,439
666,454
667,502
668,61
669,279
670,771
671,641
672,836
673,335
674,879
675,208
676,525
677,918
678,718
679,87
680,306
681,864
682,559
683,376
684,915
685,431
686,687
687,849
688,798
689,386
690,988
691,740
692,33
693,433
694,82
695,743
696,996
697,93
698,68
699,948
700,820
701,336
702,600
703,297
704,351
705,461
706,619
707,907
708,981
709,743
710,996
711,570
712,999
713,576
714,573
715,961
716,582
717,898
718,279
719,225
720,685
721,812
722,168
723,516
724,724
725,829
726,734
727,432
728,500
729,739
730,650
731,70
732,583
733,907
734,791
735,730
736,713
737,912
738,440
739,754
740,728
741,190
742,884
743,6
744,592
745,678
746,908
747,283
748,601
749,518
750,846
751,556
752,862
753,775
754,384
755,396
756,551
757,106
758,892
759,961
760,282
761,709
762,292
763,312
764,629
765,769
766,595
767,941
768,907
769,719
770,128
771,854
772,32
773,131
774,226
775,511
776,625
777,637
778,873
779,707
780,660
781,672
782,207
783,251
784,873
785,995
786,167
787,77
788,360
789,551
790,596
791,195
792,176
793,305
794,541
795,496
796,650
797,332
798,747
799,960
800,60
801,437
802,198
803,47
804,230
805,488
806,925
807,896
808,495
809,913
810,374
811,230
812,350
813,543
814,216
815,356
816,153
817,628
818,362
819,527
820,924
821,966
822,648
823,910
824,788
825,874
826,157
827,469
828,568
829,206
830,628
831,152
832,717
833,481
834,161
835,144
836,685
837,632
838,456
839,116
840,841
841,55
842,734
843,187
844,947
845,285
846,597
847,933
848,451
849,224
850,696
851,773
852,711
853,831
854,358
855,675
856,194
857,689
858,898
859,604
860,322
861,299
862,346
863,277
864,839
865,495
866,268
867,446
868,982
869,8
870,730
871,887
872,202
873,898
874,552
875,992
876,655
877,689
878,954
879,174
880,160
881,254
882,77
883,894
884,334
885,666
886,144
887,738
888,693
889,448
890,3
891,65
892,480
893,304
894,863
895,757
896,42
897,410
898,241
899,512
900,988
901,140
902,652
903,192
904,149
905,63
906,880
907,896
908,303
909,63
910,407
911,83
912,641
913,935
914,435
915,38
916,260
917,219
918,666
919,657
920,294
921,834
922,572
923,426
924,859
925,350
926,810
927,416
928,302
929,222
930,527
931,542
932,515
933,140
934,799
935,624
936,588
937,552
938,107
939,520
940,27
941,829
942,897
943,726
944,520
945,744
946,323
947,8
948,141
949,833
950,515
951,816
952,400
953,676
954,791
955,397
956,271
957,447
958,2
959,102
960,516
961,453
962,352
963,941
964,889
965,908
966,72
967,715
968,845
969,501
970,33
971,27
972,449
973,539
974,962
975,433
976,137
977,601
978,139
979,319
980,477
981,420
982,894
983,98
984,601
985,155
986,856
987,371
988,732
989,691
990,565
991,880
992,312
993,6
994,663
995,57
996,718
997,122
998,149
999,160
