0,1
1,36
2,857
3,891
4,201
5,209
6,936
7,89
8,823
9,152
10,864
11,29
12,859
13,658
14,655
15,721
16,870
17,426
18,136
19,148
20,673
21,828
22,54
23,919
24,454
25,888
26,177
27,480
28,393
29,879
30,313
31,252
32,825
33,81
34,833
35,226
36,995
37,700
38,723
39,857
40,276
41,328
42,550
43,987
44,852
45,110
46,714
47,748
48,302
49,103
50,908
51,925
52,833
53,222
54,816
55,682
56,256
57,999
58,593
59,937
60,73
61,861
62,71
63,595
64,911
65,786
66,244
67,190
68,450
69,652
70,733
71,431
72,661
73,53
74,73
75,240
76,501
77,442
78,278
79,864
80,139
81,936
82,995
83,378
84,178
85,299
86,854
87,265
88,247
89,319
90,788
91,797
92,613
93,763
94,140
95,525
96,272
97,666
98,602
99,995
100,229
101,824
102,901
103,129
104,584
105,89
106,118
107,279
108,719
109,372
110,705
111,864
112,677
113,849
114,164
115,396
116,577
117,941
118,423
119,404
120,710
121,246
122,87
123,60
124,552
125,699
126,301
127,620
128,730
129,74
130,484
131,495
132,152
133,634
134,4
135,65
136,251
137,757
138,614
139,894
140,180
141,27
142,484
143,47
144,903
145,559
146,236
147,253
148,701
149,148
150,168
151,267
152,882
153,87
154,994
155,149
156,880
157,995
158,755
159,624
160,30
161,831
162,536
163,884
164,46
165,30
166,622
167,392
168,797
169,74
170,737
171,323
172,347
173,979
174,45
175,916
176,953
177,10
178,801
179,179
180,126
181,894
182,476
183,178
184,620
185,61
186,8
187,357
188,784
189,726
190,839
191,216
192,697
193,88
194,908
195,66
196,544
197,637
198,351
199,707
200,992
201,642
202,427
203,851
204,597
205,39
206,251
207,416
208,69
209,360
210,364
211,635
212,177
213,432
214,260
215,771
216,468
217,894
218,676
219,843
220,411
221,142
222,641
223,296
224,51
225,514
226,754
227,511
228,32
229,549
230,468
231,424
232,92
233,592
234,284
235,737
236,922
237,98
238,556
239,302
240,479
241,871
242,954
243,434
244,581
245,350
246,967
247,120
248,657
249,90
250,433
251,760
252,389
253,669
254,615
255,721
256,347
257,976
258,82
259,524
260,917
261,627
262,974
263,712
264,814
265,226
266,848
267,532
268,138
269,845
270,532
271,539
272,208
273,244
274,612
275,296
276,497
277,924
278,167
279,276
280,556
281,398
282,850
283,623
284,817
285,336
286,789
287,666
288,930
289,933
290,145
291,959
292,437
293,116
294,649
295,579
296,488
297,832
298,337
299,299
300,726
301,299
302,373
303,42
304,175
305,600
306,78
307,54
308,144
309,359
310,580
311,71
312,451
313,603
314,386
315,551
316,272
317,710
318,126
319,748
320,654
321,142
322,742
323,264
324,689
325,130
326,711
327,32
328,473
329,377
330,542
331,459
332,377
333,795
334,409
335,736
336,296
337,961
338,737
339,925
340,335
341,399
342,771
343,677
344,990
345,142
346,337
347,701
348,662
349,51
350,372
351,429
352,372
353,96
354,225
355,324
356,681
357,325
358,175
359,435
360,171
361,874
362,494
363,73
364,533
365,731
366,950
367,621
368,736
369,978
370,187
371,97
372,559
373,41
374,815
375,884
376,940
377,567
378,565
379,786
380,18
381,406
382,283
383,385
384,457
385,344
386,807
387,261
388,524
389,665
390,570
391,876
392,587
393,36
394,553
395,617
396,968
397,691
398,69
399,370
400,861
401,538
402,368
403,224
404,215
405,642
406,437
407,167
408,547
409,9
410,634
411,383
412,835
413,307
414,21
415,511
416,887
417,95
418,112
419,966
420,83
421,968
422,96
423,726
424,629
425,166
426,529
427,405
428,851
429,477
430,822
431,122
432,461
433,837
434,593
435,905
436,536
437,107
438,24
439,179
440,879
441,754
442,659
443,35
444,332
445,666
446,138
447,524
448,559
449,866
450,743
451,184
452,894
453,450
454,844
455,510
456,487
457,229
458,989
459,784
460,209
461,447
462,104
463,128
464,596
465,238
466,120
467,916
468,184
469,424
470,691
471,317
472,276
473,943
474,502
475,109
476,969
477,865
478,795
479,963
480,736
481,864
482,3
483,45
484,57
485,544
486,253
487,348
488,864
489,671
490,538
491,561
492,554
493,501
494,104
495,643
496,353
497,130
498,119
499,150
500,958
501,810
502,12
503,853
504,966
505,567
506,882
507,988
508,925
509,810
510,129
511,391
512,624
513,441
514,802
515,952
516,72
517,852
518,536
519,382
520,853
521,385
522,471
523,316
524,511
525,535
526,264
527,664
528,920
529,214
530,82
531,77
532,112
533,927
534,959
535,329
536,297
537,810
538,520
539,445
540,152
541,375
542,935
543,282
544,10
545,982
546,638
547,858
548,607
549,930
550,441
551,674
552,666
553,321
554,689
555,148
556,262
557,159
558,447
559,120
560,353
561,972
562,488
563,598
564,209
565,93
566,530
567,150
568,390
569,412
570,39
571,747
572,962
573,287
574,143
575,936
576,37
577,492
578,350
579,7
580,98
581,612
582,599
583,8
584,174
585,870
586,582
587,697
588,667
589,38
590,65
591,536
592,942
593,642
594,180
595,79
596,837
597,846
598,38
599,985
600,592
601,227
602,901
603,112
604,979
605,44
606,150
607,202
608,38
609,280
610,96
611,843
612,717
613,398
614,518
615,529
616,504
617,576
618,323
619,787
620,363
621,995
622,276
623,678
624,493
625,199
626,114
627,116
628,52
629,644
630,789
631,544
632,442
633,933
634,501
635,215
636,11
637,294
638,859
639,4
640,380
641,916
642,926
643,932
644,139
645,997
646,261
647,926
648,604
649,59
650,330
651,517
652,672
653,835
654,349
655,637
656,287
657,587
658,522
659,953
660,144
661,873
662,804
663,345
664,867
665,93
666,437
667,179
668,602
669,399
670,112
671,183
672,244
673,802
674,147
675,221
676,371
677,344
678,148
679,388
680,935
681,291
682,670
683,810
684,256
685,736
686,191
687,871
688,968
689,29
690,669
691,383
692,814
693,86
694,404
695,367
696,827
697,371
698,863
699,392
700,285
701,539
702,539
703,879
704,313
705,669
706,783
707,311
708,544
709,289
710,533
711,523
712,359
713,972
714,178
715,93
716,743
717,5
718,444
719,745
720,630
721,262
722,109
723,456
724,748
725,308
726,463
727,45
728,82
729,893
730,888
731,614
732,358
733,2
734,762
735,845
736,54
737,347
738,67
739,257
740,849
741,390
742,349
743,980
744,343
745,275
746,172
747,223
748,775
749,976
750,161
751,279
752,869
753,244
754,378
755,67
756,414
757,449
758,501
759,348
760,355
761,867
762,243
763,564
764,59
765,807
766,102
767,900
768,593
769,923
770,635
771,113
772,576
773,67
774,405
775,903
776,544
777,990
778,580
779,616
780,323
781,833
782,770
783,902
784,487
785,61
786,884
787,947
788,948
789,78
790,846
791,204
792,597
793,629
794,171
795,236
796,895
797,537
798,9
799,875
800,385
801,405
802,344
803,115
804,173
805,471
806,276
807,313
808,474
809,435
810,662
811,45
812,419
813,236
814,471
815,945
816,176
817,706
818,973
819,407
820,347
821,683
822,618
823,102
824,484
825,550
826,1
827,256
828,114
829,649
830,51
831,695
832,890
833,206
834,984
835,653
836,440
837,490
838,600
839,1000
840,295
841,868
842,210
843,662
844,150
845,606
846,128
847,851
848,555
849,646
850,701
851,910
852,195
853,822
854,568
855,143
856,208
857,690
858,790
859,822
860,58
861,45
862,146
863,880
864,392
865,622
866,51
867,525
868,201
869,974
870,361
871,87
872,49
873,599
874,160
875,311
876,475
877,755
878,762
879,164
880,497
881,98
882,979
883,821
884,89
885,303
886,711
887,338
888,273
889,359
890,974
891,891
892,976
893,513
894,889
895,538
896,691
897,260
898,768
899,139
900,303
901,181
902,704
903,810
904,93
905,772
906,356
907,385
908,394
909,937
910,847
911,689
912,844
913,894
914,654
915,34
916,426
917,737
918,151
919,8
920,692
921,442
922,514
923,93
924,92
925,141
926,559
927,567
928,606
929,175
930,258
931,526
932,646
933,598
934,908
935,952
936,79
937,494
938,111
939,488
940,174
941,664
942,398
943,996
944,620
945,892
946,737
947,450
948,274
949,260
950,248
951,357
952,785
953,642
954,715
955,617
956,583
957,605
958,63
959,52
960,728
961,158
962,125
963,678
964,735
965,368
966,405
967,868
968,117
969,126
970,969
971,680
972,537
973,308
974,56
975,340
976,196
977,876
978,174
979,626
980,117
981,639
982,350
983,644
984,658
985,926
986,267
987,278
988,486
989,920
990,487
991,820
992,763
993,10
994,618
995,814
996,725
997,67
998,227
999,511
