0,5
1,370
2,63
3,527
4,271
5,644
6,417
7,869
8,941
9,584
10,480
11,48
12,460
13,93
14,283
15,731
16,743
17,385
18,209
19,752
20,556
21,505
22,539
23,340
24,587
25,616
26,773
27,137
28,659
29,89
30,636
31,134
32,868
33,759
34,944
35,51
36,371
37,615
38,426
39,120
40,44
41,626
42,682
43,384
44,812
45,773
46,499
47,185
48,524
49,375
50,363
51,280
52,788
53,348
54,339
55,295
56,112
57,197
58,878
59,241
60,114
61,729
62,578
63,731
64,356
65,208
66,239
67,317
68,36
69,423
70,561
71,971
72,327
73,773
74,516
75,907
76,983
77,725
78,757
79,848
80,440
81,615
82,21
83,277
84,496
85,979
86,110
87,833
88,303
89,476
90,85
91,382
92,844
93,954
94,259
95,815
96,120
97,938
98,361
99,468
100,53
101,975
102,245
103,350
104,301
105,133
106,555
107,718
108,936
109,391
110,775
111,284
112,703
113,446
114,407
115,859
116,38
117,346
118,485
119,230
120,142
121,45
122,29
123,430
124,545
125,393
126,502
127,715
128,883
129,398
130,327
131,820
132,6
133,977
134,71
135,1
136,586
137,141
138,769
139,724
140,411
141,721
142,561
143,444
144,304
145,616
146,474
147,208
148,822
149,213
150,824
151,466
152,582
153,42
154,554
155,914
156,769
157,31
158,641
159,953
160,57
161,767
162,32
163,35
164,310
165,275
166,503
167,139
168,993
169,221
170,567
171,30
172,805
173,589
174,776
175,229
176,172
177,224
178,531
179,212
180,903
181,645
182,251
183,44
184,722
185,862
186,966
187,488
188,562
189,793
190,432
191,288
192,790
193,497
194,486
195,973
196,305
197,350
198,609
199,13
200,853
201,611
202,451
203,461
204,993
205,161
206,653
207,744
208,170
209,856
210,733
211,599
212,753
213,843
214,774
215,704
216,801
217,363
218,603
219,954
220,702
221,124
222,421
223,551
224,780
225,98
226,113
227,57
228,326
229,480
230,842
231,587
232,867
233,966
234,78
235,776
236,505
237,436
238,167
239,29
240,526
241,352
242,879
243,760
244,730
245,799
246,151
247,201
248,48
249,334
250,985
251,947
252,68
253,423
254,478
255,774
256,144
257,126
258,266
259,184
260,319
261,84
262,360
263,759
264,509
265,362
266,923
267,65
268,696
269,634
270,130
271,859
272,975
273,428
274,336
275,287
276,190
277,552
278,400
279,504
280,449
281,109
282,567
283,453
284,834
285,427
286,826
287,747
288,568
289,401
290,844
291,130
292,361
293,258
294,867
295,707
296,968
297,355
298,265
299,917
300,492
301,26
302,845
303,819
304,324
305,787
306,821
307,799
308,968
309,788
310,79
311,882
312,142
313,461
314,274
315,414
316,95
317,248
318,397
319,932
320,511
321,773
322,202
323,847
324,852
325,150
326,882
327,325
328,887
329,205
330,503
331,403
332,84
333,53
334,60
335,319
336,516
337,479
338,475
339,550
340,772
341,775
342,309
343,772
344,81
345,163
346,402
347,955
348,29
349,107
350,428
351,423
352,722
353,829
354,191
355,822
356,71
357,809
358,79
359,523
360,24
361,843
362,267
363,286
364,289
365,822
366,427
367,492
368,651
369,228
370,541
371,951
372,193
373,664
374,410
375,795
376,99
377,667
378,819
379,644
380,172
381,333
382,437
383,819
384,860
385,52
386,188
387,611
388,620
389,784
390,776
391,840
392,555
393,606
394,752
395,685
396,580
397,616
398,576
399,488
400,35
401,303
402,71
403,397
404,296
405,205
406,943
407,881
408,78
409,128
410,215
411,435
412,711
413,399
414,500
415,69
416,695
417,880
418,229
419,202
420,904
421,71
422,820
423,280
424,825
425,413
426,180
427,401
428,255
429,375
430,202
431,719
432,446
433,324
434,738
435,13
436,16
437,110
438,732
439,482
440,650
441,95
442,141
443,634
444,752
445,237
446,80
447,990
448,576
449,804
450,229
451,528
452,422
453,431
454,424
455,927
456,223
457,939
458,450
459,406
460,752
461,100
462,416
463,147
464,562
465,468
466,488
467,509
468,475
469,50
470,636
471,97
472,442
473,177
474,954
475,560
476,805
477,829
478,57
479,180
480,570
481,218
482,782
483,811
484,518
485,27
486,918
487,505
488,380
489,202
490,16
491,612
492,1
493,988
494,702
495,978
496,253
497,48
498,906
499,550
500,1000
501,854
502,431
503,984
504,253
505,476
506,228
507,909
508,381
509,890
510,382
511,352
512,218
513,995
514,77
515,53
516,660
517,968
518,874
519,316
520,50
521,638
522,311
523,698
524,568
525,124
526,430
527,610
528,136
529,492
530,561
531,630
532,110
533,35
534,943
535,37
536,240
537,741
538,705
539,559
540,657
541,737
542,921
543,859
544,116
545,459
546,211
547,974
548,265
549,596
550,293
551,138
552,993
553,212
554,601
555,373
556,472
557,410
558,30
559,156
560,253
561,292
562,603
563,940
564,567
565,818
566,764
567,954
568,297
569,301
570,186
571,661
572,270
573,985
574,626
575,785
576,178
577,919
578,132
579,961
580,682
581,475
582,543
583,963
584,877
585,228
586,466
587,428
588,305
589,968
590,432
591,309
592,288
593,287
594,242
595,380
596,679
597,264
598,303
599,566
600,307
601,678
602,876
603,841
604,769
605,78
606,384
607,889
608,370
609,351
610,267
611,372
612,574
613,167
614,478
615,790
616,386
617,658
618,40
619,466
620,32
621,635
622,888
623,94
624,895
625,845
626,947
627,633
628,290
629,54
630,813
631,964
632,357
633,350
634,560
635,801
636,485
637,913
638,545
639,543
640,586
641,362
642,750
643,183
644,243
645,569
646,408
647,85
648,56
649,851
650,104
651,219
652,400
653,803
654,816
655,801
656,263
657,496
658,153
659,838
660,466
661,211
662,612
663,432
664,361
665,376
666,235
667,942
668,109
669,524
670,591
671,702
672,57
673,572
674,239
675,876
676,911
677,803
678,687
679,283
680,704
681,904
682,832
683,208
684,187
685,393
686,369
687,629
688,484
689,151
690,22
691,68
692,19
693,223
694,970
695,626
696,498
697,940
698,907
699,54
700,456
701,786
702,744
703,917
704,495
705,196
706,872
707,443
708,777
709,717
710,650
711,472
712,841
713,227
714,201
715,440
716,343
717,1000
718,253
719,445
720,658
721,986
722,84
723,819
724,820
725,953
726,522
727,389
728,721
729,720
730,367
731,993
732,247
733,711
734,209
735,478
736,313
737,871
738,271
739,408
740,353
741,909
742,707
743,248
744,91
745,480
746,550
747,334
748,245
749,376
750,418
751,923
752,775
753,468
754,537
755,148
756,823
757,342
758,389
759,90
760,130
761,59
762,179
763,784
764,695
765,126
766,481
767,688
768,449
769,164
770,46
771,147
772,507
773,313
774,274
775,795
776,640
777,911
778,614
779,439
780,67
781,861
782,860
783,573
784,625
785,605
786,661
787,345
788,361
789,918
790,207
791,218
792,718
793,149
794,461
795,445
796,262
797,216
798,503
799,280
800,548
801,105
802,85
803,759
804,66
805,875
806,553
807,971
808,117
809,407
810,211
811,187
812,169
813,536
814,46
815,440
816,66
817,61
818,764
819,77
820,794
821,708
822,960
823,31
824,417
825,147
826,829
827,467
828,273
829,640
830,44
831,596
832,944
833,629
834,440
835,406
836,879
837,538
838,75
839,129
840,892
841,190
842,31
843,731
844,633
845,308
846,393
847,797
848,953
849,530
850,119
851,869
852,401
853,971
854,155
855,98
856,514
857,231
858,482
859,240
860,947
861,761
862,502
863,363
864,293
865,33
866,816
867,552
868,678
869,394
870,811
871,76
872,17
873,137
874,62
875,360
876,801
877,273
878,612
879,983
880,259
881,21
882,859
883,430
884,545
885,469
886,790
887,793
888,546
889,18
890,756
891,609
892,462
893,578
894,844
895,719
896,633
897,56
898,984
899,303
900,722
901,184
902,853
903,396
904,98
905,317
906,257
907,457
908,90
909,978
910,809
911,55
912,195
913,183
914,470
915,89
916,904
917,264
918,104
919,801
920,971
921,499
922,448
923,247
924,639
925,612
926,257
927,458
928,31
929,897
930,67
931,295
932,600
933,189
934,487
935,766
936,875
937,228
938,133
939,775
940,344
941,933
942,450
943,408
944,630
945,186
946,674
947,160
948,319
949,282
950,547
951,698
952,631
953,921
954,147
955,91
956,21
957,62
958,238
959,48
960,140
961,801
962,440
963,437
964,641
965,879
966,971
967,975
968,837
969,476
970,68
971,348
972,167
973,911
974,725
975,951
976,618
977,877
978,977
979,711
980,936
981,957
982,651
983,468
984,481
985,818
986,687
987,490
988,661
989,371
990,526
991,476
992,28
993,665
994,957
995,787
996,18
997,331
998,613
999,532
