0,938
1,560
2,91
3,530
4,844
5,295
6,962
7,510
8,110
9,712
10,157
11,11
12,537
13,265
14,145
15,634
16,663
17,948
18,222
19,34
20,636
21,385
22,937
23,226
24,754
25,625
26,695
27,342
28,851
29,232
30,588
31,458
32,793
33,494
34,939
35,122
36,518
37,812
38,173
39,833
40,523
41,360
42,92
43,493
44,353
45,130
46,272
47,19
48,155
49,832
50,809
51,339
52,385
53,979
54,278
55,797
56,723
57,51
58,753
59,710
60,748
61,117
62,782
63,661
64,304
65,698
66,221
67,698
68,242
69,391
70,548
71,711
72,250
73,168
74,982
75,739
76,95
77,513
78,584
79,173
80,40
81,816
82,468
83,319
84,250
85,725
86,228
87,866
88,848
89,625
90,640
91,627
92,945
93,681
94,150
95,618
96,164
97,11
98,998
99,528
100,918
101,208
102,298
103,601
104,749
105,282
106,515
107,161
108,789
109,312
110,773
111,713
112,803
113,312
114,415
115,60
116,45
117,81
118,374
119,867
120,297
121,179
122,387
123,243
124,320
125,301
126,726
127,236
128,309
129,282
130,901
131,449
132,279
133,250
134,96
135,689
136,723
137,180
138,63
139,375
140,169
141,687
142,288
143,38
144,932
145,116
146,732
147,506
148,893
149,551
150,59
151,113
152,256
153,605
154,822
155,73
156,675
157,227
158,157
159,969
160,711
161,675
162,495
163,734
164,379
165,936
166,123
167,331
168,379
169,21
170,512
171,722
172,460
173,510
174,275
175,249
176,490
177,379
178,105
179,544
180,952
181,892
182,702
183,353
184,858
185,142
186,230
187,423
188,317
189,207
190,10
191,14
192,206
193,297
194,146
195,162
196,154
197,686
198,412
199,137
200,107
201,78
202,69
203,661
204,490
205,121
206,869
207,335
208,986
209,199
210,363
211,529
212,809
213,84
214,201
215,237
216,733
217,410
218,408
219,504
220,478
221,466
222,523
223,520
224,337
225,791
226,69
227,430
228,420
229,266
230,460
231,407
232,318
233,302
234,611
235,362
236,514
237,540
238,935
239,380
240,954
241,595
242,585
243,700
244,296
245,304
246,328
247,718
248,477
249,20
250,755
251,704
252,260
253,606
254,354
255,933
256,926
257,861
258,699
259,628
260,582
261,254
262,110
263,984
264,192
265,864
266,814
267,196
268,28
269,184
270,358
271,815
272,941
273,693
274,582
275,863
276,352
277,417
278,975
279,314
280,901
281,544
282,816
283,171
284,565
285,669
286,925
287,96
288,265
289,183
290,328
291,131
292,59
293,323
294,509
295,940
296,183
297,209
298,2
299,450
300,606
301,209
302,741
303,514
304,973
305,456
306,34
307,2
308,869
309,843
310,166
311,119
312,179
313,174
314,857
315,576
316,983
317,947
318,558
319,660
320,17
321,482
322,282
323,329
324,555
325,453
326,305
327,458
328,298
329,688
330,954
331,36
332,445
333,238
334,649
335,978
336,720
337,469
338,681
339,90
340,973
341,961
342,174
343,538
344,811
345,905
346,38
347,562
348,362
349,415
350,916
351,504
352,654
353,230
354,741
355,948
356,402
357,291
358,325
359,675
360,869
361,632
362,238
363,313
364,757
365,443
366,210
367,712
368,800
369,17
370,801
371,767
372,736
373,775
374,455
375,14
376,523
377,640
378,141
379,228
380,57
381,578
382,218
383,294
384,303
385,986
386,527
387,955
388,424
389,897
390,170
391,130
392,301
393,253
394,377
395,533
396,605
397,911
398,270
399,61
400,13
401,693
402,122
403,405
404,547
405,557
406,91
407,529
408,414
409,231
410,431
411,853
412,765
413,7
414,3
415,894
416,454
417,487
418,984
419,887
420,563
421,671
422,636
423,740
424,296
425,215
426,649
427,926
428,193
429,446
430,274
431,381
432,772
433,630
434,244
435,457
436,957
437,833
438,614
439,71
440,801
441,633
442,211
443,50
444,366
445,344
446,935
447,595
448,481
449,67
450,199
451,344
452,235
453,642
454,941
455,714
456,606
457,694
458,523
459,901
460,952
461,378
462,841
463,694
464,667
465,288
466,406
467,358
468,627
469,854
470,985
471,302
472,16
473,890
474,311
475,736
476,14
477,763
478,989
479,573
480,853
481,757
482,826
483,877
484,44
485,772
486,465
487,677
488,518
489,129
490,456
491,398
492,971
493,550
494,355
495,135
496,885
497,704
498,812
499,870
500,185
501,738
502,845
503,778
504,719
505,822
506,664
507,472
508,379
509,351
510,643
511,666
512,923
513,273
514,838
515,959
516,671
517,965
518,285
519,787
520,94
521,222
522,865
523,211
524,256
525,204
526,6
527,724
528,100
529,287
530,774
531,612
532,127
533,796
534,718
535,792
536,982
537,184
538,317
539,640
540,148
541,420
542,43
543,437
544,64
545,591
546,601
547,123
548,408
549,523
550,332
551,146
552,918
553,556
554,965
555,152
556,934
557,514
558,145
559,548
560,459
561,919
562,156
563,975
564,266
565,220
566,390
567,721
568,83
569,52
570,605
571,319
572,426
573,221
574,475
575,468
576,892
577,60
578,640
579,512
580,57
581,713
582,890
583,79
584,25
585,292
586,296
587,206
588,355
589,974
590,200
591,786
592,785
593,82
594,289
595,275
596,53
597,778
598,820
599,123
600,584
601,676
602,734
603,291
604,882
605,879
606,701
607,366
608,575
609,515
610,625
611,615
612,592
613,42
614,5
615,486
616,902
617,687
618,273
619,202
620,40
621,527
622,845
623,302
624,407
625,130
626,555
627,239
628,51
629,62
630,225
631,631
632,279
633,666
634,140
635,529
636,172
637,617
638,558
639,513
640,270
641,588
642,436
643,105
644,888
645,318
646,414
647,242
648,870
649,332
650,872
651,783
652,715
653,923
654,722
655,6
656,848
657,957
658,411
659,345
660,167
661,787
662,563
663,36
664,565
665,73
666,250
667,995
668,504
669,24
670,767
671,477
672,539
673,82
674,162
675,598
676,69
677,986
678,673
679,282
680,718
681,205
682,725
683,859
684,65
685,813
686,46
687,724
688,384
689,912
690,846
691,582
692,492
693,327
694,987
695,233
696,650
697,963
698,668
699,483
700,739
701,449
702,114
703,370
704,532
705,942
706,893
707,11
708,457
709,17
710,542
711,811
712,580
713,544
714,183
715,287
716,111
717,988
718,100
719,156
720,150
721,485
722,307
723,525
724,114
725,55
726,630
727,236
728,704
729,732
730,380
731,802
732,562
733,251
734,841
735,304
736,52
737,188
738,685
739,891
740,575
741,47
742,271
743,282
744,827
745,716
746,833
747,961
748,298
749,573
750,402
751,800
752,682
753,293
754,770
755,124
756,60
757,954
758,104
759,246
760,236
761,149
762,14
763,361
764,608
765,586
766,823
767,34
768,271
769,745
770,225
771,529
772,740
773,560
774,980
775,258
776,603
777,945
778,871
779,915
780,403
781,471
782,771
783,720
784,186
785,155
786,64
787,209
788,666
789,80
790,72
791,445
792,420
793,393
794,844
795,385
796,527
797,719
798,762
799,523
800,776
801,619
802,932
803,976
804,480
805,255
806,832
807,315
808,340
809,947
810,546
811,473
812,647
813,114
814,582
815,924
816,173
817,844
818,488
819,401
820,427
821,415
822,779
823,32
824,28
825,246
826,933
827,467
828,313
829,998
830,542
831,853
832,723
833,643
834,253
835,621
836,612
837,706
838,891
839,931
840,860
841,925
842,174
843,866
844,957
845,549
846,694
847,736
848,780
849,593
850,581
851,62
852,472
853,946
854,276
855,354
856,204
857,661
858,126
859,812
860,644
861,271
862,525
863,211
864,408
865,763
866,888
867,760
868,125
869,871
870,970
871,605
872,588
873,99
874,98
875,469
876,766
877,459
878,241
879,298
880,184
881,615
882,170
883,953
884,190
885,538
886,342
887,103
888,565
889,774
890,80
891,389
892,31
893,359
894,923
895,292
896,101
897,186
898,362
899,699
900,542
901,59
902,313
903,653
904,293
905,933
906,379
907,1000
908,180
909,541
910,198
911,937
912,830
913,803
914,516
915,532
916,705
917,290
918,847
919,976
920,363
921,299
922,949
923,310
924,829
925,484
926,346
927,226
928,543
929,38
930,36
931,348
932,791
933,216
934,519
935,968
936,482
937,632
938,461
939,612
940,70
941,123
942,628
943,813
944,810
945,238
946,140
947,241
948,539
949,726
950,284
951,928
952,683
953,967
954,179
955,571
956,816
957,482
958,118
959,832
960,727
961,566
962,70
963,584
964,577
965,463
966,510
967,125
968,678
969,435
970,68
971,156
972,929
973,848
974,176
975,186
976,219
977,810
978,875
979,990
980,760
981,938
982,31
983,629
984,549
985,388
986,719
987,479
988,300
989,765
990,363
991,389
992,394
993,24
994,952
995,140
996,667
997,12
998,721
999,768
