0,536
1,155
2,861
3,649
4,136
5,659
6,188
7,111
8,192
9,894
10,491
11,266
12,846
13,138
14,958
15,28
16,101
17,878
18,783
19,781
20,130
21,575
22,857
23,720
24,259
25,468
26,701
27,514
28,163
29,826
30,159
31,624
32,479
33,394
34,996
35,433
36,990
37,582
38,477
39,459
40,943
41,375
42,391
43,252
44,307
45,157
46,882
47,548
48,301
49,587
50,886
51,684
52,881
53,736
54,804
55,162
56,854
57,258
58,876
59,311
60,52
61,597
62,711
63,962
64,94
65,161
66,645
67,317
68,111
69,950
70,376
71,94
72,128
73,42
74,334
75,889
76,297
77,375
78,458
79,539
80,582
81,576
82,222
83,789
84,493
85,359
86,246
87,945
88,475
89,367
90,832
91,577
92,803
93,53
94,100
95,36
96,937
97,221
98,560
99,584
100,485
101,194
102,884
103,951
104,593
105,613
106,376
107,461
108,420
109,439
110,932
111,327
112,735
113,293
114,67
115,78
116,104
117,631
118,379
119,145
120,668
121,927
122,473
123,238
124,487
125,785
126,857
127,697
128,327
129,857
130,434
131,224
132,866
133,710
134,261
135,907
136,644
137,985
138,36
139,84
140,158
141,281
142,891
143,323
144,320
145,717
146,508
147,884
148,914
149,40
150,279
151,756
152,145
153,97
154,909
155,970
156,993
157,618
158,974
159,331
160,242
161,31
162,779
163,426
164,45
165,861
166,61
167,422
168,638
169,257
170,899
171,667
172,470
173,209
174,564
175,365
176,515
177,697
178,582
179,842
180,291
181,677
182,541
183,51
184,810
185,846
186,20
187,8
188,703
189,456
190,759
191,141
192,783
193,693
194,582
195,668
196,569
197,682
198,341
199,685
200,106
201,549
202,141
203,87
204,382
205,892
206,535
207,119
208,403
209,481
210,78
211,307
212,786
213,803
214,40
215,241
216,648
217,974
218,533
219,688
220,369
221,774
222,506
223,5
224,646
225,469
226,808
227,592
228,122
229,390
230,995
231,530
232,855
233,501
234,729
235,374
236,814
237,905
238,256
239,988
240,725
241,594
242,335
243,238
244,130
245,316
246,41
247,835
248,122
249,838
250,372
251,990
252,647
253,540
254,481
255,439
256,194
257,904
258,794
259,557
260,713
261,410
262,516
263,393
264,606
265,280
266,158
267,534
268,575
269,54
270,332
271,582
272,850
273,436
274,494
275,908
276,122
277,440
278,834
279,1
280,236
281,645
282,140
283,947
284,888
285,196
286,911
287,28
288,767
289,627
290,689
291,905
292,922
293,242
294,889
295,93
296,35
297,890
298,397
299,231
300,124
301,831
302,620
303,663
304,879
305,851
306,612
307,989
308,857
309,905
310,365
311,962
312,175
313,495
314,233
315,197
316,148
317,730
318,14
319,123
320,525
321,323
322,465
323,350
324,793
325,472
326,114
327,614
328,221
329,692
330,892
331,481
332,848
333,170
334,87
335,989
336,492
337,309
338,64
339,972
340,858
341,827
342,720
343,946
344,224
345,667
346,826
347,829
348,406
349,179
350,654
351,868
352,274
353,394
354,371
355,439
356,562
357,753
358,283
359,505
360,442
361,162
362,646
363,445
364,885
365,338
366,437
367,947
368,111
369,492
370,250
371,612
372,826
373,555
374,144
375,766
376,443
377,555
378,384
379,860
380,63
381,458
382,575
383,248
384,304
385,887
386,648
387,929
388,587
389,338
390,240
391,520
392,807
393,722
394,203
395,901
396,604
397,918
398,753
399,594
400,686
401,451
402,186
403,920
404,683
405,901
406,232
407,164
408,920
409,567
410,990
411,968
412,634
413,778
414,422
415,117
416,132
417,876
418,747
419,549
420,341
421,287
422,295
423,159
424,777
425,657
426,353
427,111
428,371
429,428
430,377
431,208
432,638
433,297
434,191
435,736
436,246
437,292
438,436
439,616
440,288
441,925
442,690
443,927
444,68
445,270
446,886
447,892
448,220
449,813
450,718
451,196
452,369
453,967
454,674
455,554
456,265
457,225
458,366
459,585
460,148
461,741
462,36
463,880
464,919
465,818
466,453
467,456
468,817
469,786
470,18
471,217
472,671
473,842
474,822
475,636
476,406
477,466
478,524
479,387
480,17
481,162
482,631
483,829
484,949
485,877
486,813
487,405
488,168
489,103
490,782
491,489
492,251
493,569
494,613
495,587
496,809
497,10
498,617
499,829
500,806
501,561
502,668
503,45
504,375
505,844
506,742
507,385
508,697
509,672
510,863
511,277
512,522
513,727
514,86
515,810
516,259
517,158
518,567
519,714
520,715
521,329
522,292
523,657
524,787
525,574
526,675
527,529
528,835
529,220
530,984
531,512
532,514
533,191
534,35
535,246
536,665
537,135
538,31
539,600
540,206
541,27
542,69
543,926
544,476
545,373
546,957
547,90
548,4
549,837
550,474
551,937
552,501
553,360
554,555
555,464
556,905
557,597
558,528
559,350
560,285
561,628
562,171
563,939
564,420
565,858
566,888
567,674
568,981
569,289
570,798
571,947
572,431
573,889
574,164
575,124
576,823
577,150
578,923
579,598
580,149
581,191
582,571
583,720
584,581
585,616
586,927
587,739
588,249
589,86
590,49
591,465
592,566
593,75
594,529
595,267
596,79
597,819
598,13
599,112
600,881
601,209
602,618
603,265
604,29
605,189
606,684
607,992
608,67
609,949
610,523
611,9
612,740
613,537
614,78
615,11
616,672
617,180
618,525
619,537
620,689
621,834
622,813
623,992
624,747
625,913
626,909
627,218
628,218
629,551
630,146
631,780
632,870
633,718
634,177
635,763
636,994
637,993
638,327
639,381
640,184
641,51
642,871
643,345
644,709
645,628
646,60
647,223
648,119
649,336
650,987
651,861
652,410
653,29
654,90
655,772
656,697
657,139
658,511
659,470
660,163
661,483
662,886
663,478
664,797
665,463
666,468
667,942
668,992
669,74
670,50
671,800
672,333
673,329
674,340
675,731
676,237
677,893
678,802
679,105
680,84
681,45
682,693
683,272
684,360
685,8
686,896
687,147
688,998
689,206
690,116
691,189
692,467
693,565
694,847
695,984
696,312
697,289
698,71
699,253
700,908
701,218
702,423
703,238
704,647
705,642
706,966
707,674
708,27
709,452
710,159
711,243
712,509
713,678
714,349
715,500
716,315
717,444
718,535
719,172
720,159
721,32
722,613
723,21
724,324
725,298
726,453
727,859
728,756
729,542
730,549
731,927
732,1
733,150
734,592
735,944
736,732
737,307
738,141
739,160
740,991
741,181
742,266
743,529
744,739
745,570
746,924
747,372
748,868
749,53
750,143
751,175
752,612
753,283
754,851
755,924
756,726
757,102
758,280
759,965
760,641
761,899
762,748
763,660
764,1000
765,603
766,908
767,441
768,853
769,272
770,211
771,883
772,231
773,321
774,261
775,539
776,610
777,364
778,101
779,900
780,292
781,900
782,189
783,766
784,371
785,945
786,821
787,907
788,105
789,651
790,755
791,794
792,364
793,968
794,961
795,758
796,207
797,269
798,877
799,163
800,143
801,490
802,675
803,95
804,383
805,127
806,964
807,467
808,159
809,963
810,669
811,205
812,525
813,249
814,751
815,47
816,884
817,666
818,446
819,14
820,204
821,968
822,734
823,881
824,638
825,191
826,705
827,201
828,301
829,822
830,535
831,330
832,686
833,720
834,754
835,163
836,541
837,756
838,694
839,31
840,758
841,752
842,507
843,857
844,268
845,374
846,674
847,177
848,881
849,970
850,621
851,873
852,425
853,865
854,653
855,946
856,258
857,255
858,455
859,553
860,182
861,144
862,886
863,839
864,527
865,332
866,670
867,754
868,905
869,300
870,465
871,573
872,990
873,679
874,96
875,256
876,959
877,567
878,561
879,882
880,224
881,42
882,254
883,892
884,96
885,271
886,837
887,486
888,826
889,265
890,920
891,732
892,484
893,5
894,306
895,595
896,628
897,310
898,780
899,719
900,99
901,256
902,285
903,763
904,792
905,718
906,904
907,190
908,512
909,502
910,801
911,443
912,849
913,725
914,476
915,419
916,623
917,40
918,467
919,676
920,873
921,621
922,120
923,763
924,126
925,645
926,497
927,210
928,984
929,835
930,877
931,686
932,48
933,869
934,338
935,738
936,283
937,386
938,877
939,380
940,652
941,889
942,704
943,828
944,599
945,652
946,815
947,525
948,747
949,607
950,249
951,996
952,457
953,605
954,623
955,565
956,806
957,426
958,318
959,52
960,188
961,685
962,74
963,768
964,681
965,692
966,31
967,11
968,965
969,530
970,526
971,56
972,83
973,426
974,829
975,713
976,497
977,20
978,862
979,197
980,440
981,744
982,152
983,17
984,211
985,486
986,617
987,95
988,398
989,13
990,22
991,364
992,887
993,150
994,112
995,883
996,878
997,177
998,857
999,578
