0,708
1,599
2,975
3,150
4,371
5,999
6,892
7,745
8,54
9,569
10,288
11,121
12,394
13,527
14,351
15,615
16,620
17,570
18,362
19,341
20,935
21,564
22,451
23,558
24,575
25,563
26,351
27,356
28,432
29,609
30,628
31,595
32,563
33,531
34,727
35,20
36,408
37,385
38,891
39,559
40,105
41,765
42,719
43,373
44,97
45,195
46,540
47,496
48,434
49,430
50,429
51,124
52,418
53,554
54,252
55,17
56,867
57,275
58,484
59,613
60,805
61,712
62,336
63,589
64,569
65,220
66,61
67,238
68,496
69,908
70,906
71,878
72,379
73,154
74,128
75,572
76,2
77,621
78,882
79,745
80,160
81,868
82,323
83,74
84,970
85,601
86,473
87,938
88,517
89,842
90,753
91,759
92,162
93,11
94,409
95,648
96,275
97,53
98,448
99,177
100,470
101,91
102,469
103,631
104,93
105,385
106,324
107,173
108,696
109,60
110,846
111,554
112,462
113,853
114,104
115,297
116,348
117,761
118,117
119,368
120,111
121,931
122,23
123,755
124,541
125,884
126,4
127,790
128,210
129,71
130,457
131,118
132,167
133,541
134,908
135,49
136,800
137,293
138,771
139,695
140,711
141,176
142,529
143,478
144,751
145,965
146,981
147,887
148,100
149,541
150,520
151,116
152,176
153,22
154,944
155,798
156,643
157,609
158,942
159,58
160,519
161,821
162,79
163,531
164,567
165,236
166,504
167,129
168,214
169,392
170,365
171,240
172,630
173,485
174,567
175,244
176,280
177,323
178,359
179,775
180,210
181,72
182,254
183,211
184,898
185,120
186,700
187,331
188,922
189,278
190,662
191,714
192,974
193,146
194,482
195,497
196,702
197,108
198,391
199,696
200,850
201,172
202,996
203,465
204,680
205,793
206,147
207,139
208,781
209,720
210,28
211,528
212,381
213,509
214,812
215,342
216,981
217,12
218,781
219,553
220,210
221,40
222,541
223,125
224,368
225,594
226,936
227,816
228,680
229,13
230,644
231,292
232,351
233,510
234,189
235,357
236,62
237,456
238,680
239,976
240,168
241,883
242,850
243,708
244,696
245,431
246,942
247,666
248,933
249,279
250,203
251,217
252,354
253,664
254,61
255,953
256,347
257,7
258,539
259,623
260,508
261,141
262,391
263,511
264,353
265,267
266,152
267,578
268,678
269,285
270,876
271,868
272,762
273,1000
274,436
275,211
276,403
277,436
278,361
279,719
280,274
281,879
282,304
283,106
284,696
285,123
286,662
287,770
288,816
289,99
290,25
291,597
292,84
293,728
294,996
295,810
296,364
297,926
298,193
299,902
300,798
301,308
302,431
303,110
304,212
305,874
306,388
307,71
308,548
309,897
310,379
311,438
312,25
313,6
314,823
315,196
316,127
317,284
318,908
319,942
320,424
321,748
322,556
323,820
324,157
325,742
326,801
327,267
328,377
329,474
330,686
331,813
332,703
333,830
334,181
335,48
336,896
337,47
338,980
339,310
340,960
341,348
342,817
343,805
344,496
345,668
346,228
347,537
348,728
349,516
350,807
351,889
352,655
353,749
354,392
355,181
356,661
357,720
358,496
359,820
360,991
361,797
362,118
363,395
364,936
365,516
366,212
367,675
368,139
369,416
370,677
371,312
372,938
373,347
374,460
375,234
376,752
377,36
378,117
379,707
380,54
381,193
382,953
383,242
384,711
385,998
386,822
387,351
388,11
389,243
390,162
391,724
392,325
393,848
394,564
395,143
396,443
397,288
398,447
399,385
400,56
401,564
402,572
403,2
404,193
405,973
406,563
407,861
408,618
409,203
410,473
411,724
412,75
413,159
414,881
415,148
416,939
417,192
418,820
419,147
420,402
421,840
422,630
423,702
424,169
425,812
426,151
427,601
428,311
429,843
430,539
431,533
432,245
433,904
434,174
435,247
436,801
437,519
438,362
439,34
440,840
441,496
442,198
443,738
444,761
445,918
446,144
447,889
448,452
449,424
450,155
451,884
452,267
453,574
454,272
455,350
456,76
457,451
458,281
459,769
460,751
461,18
462,202
463,610
464,765
465,804
466,470
467,263
468,981
469,436
470,569
471,929
472,516
473,129
474,127
475,917
476,834
477,463
478,735
479,292
480,172
481,377
482,769
483,342
484,621
485,765
486,689
487,854
488,906
489,888
490,433
491,168
492,997
493,707
494,856
495,804
496,285
497,66
498,539
499,764
500,736
501,189
502,509
503,102
504,356
505,221
506,554
507,650
508,314
509,858
510,918
511,954
512,635
513,569
514,402
515,778
516,897
517,548
518,858
519,93
520,917
521,936
522,411
523,200
524,873
525,542
526,438
527,147
528,259
529,494
530,794
531,895
532,775
533,168
534,300
535,243
536,676
537,998
538,541
539,755
540,54
541,976
542,699
543,867
544,54
545,620
546,681
547,82
548,515
549,135
550,207
551,160
552,423
553,281
554,591
555,652
556,839
557,805
558,553
559,559
560,112
561,790
562,518
563,911
564,154
565,498
566,795
567,677
568,985
569,842
570,815
571,798
572,352
573,532
574,22
575,366
576,268
577,821
578,686
579,899
580,41
581,219
582,317
583,670
584,856
585,795
586,539
587,554
588,875
589,340
590,959
591,115
592,470
593,602
594,576
595,226
596,87
597,271
598,291
599,397
600,118
601,442
602,328
603,620
604,567
605,835
606,943
607,895
608,760
609,215
610,230
611,643
612,276
613,326
614,939
615,902
616,303
617,388
618,264
619,463
620,883
621,594
622,776
623,946
624,514
625,251
626,627
627,429
628,57
629,210
630,151
631,67
632,669
633,924
634,798
635,748
636,291
637,679
638,980
639,981
640,872
641,511
642,506
643,701
644,856
645,686
646,869
647,739
648,311
649,905
650,622
651,839
652,18
653,960
654,637
655,456
656,313
657,415
658,242
659,31
660,715
661,299
662,538
663,303
664,436
665,702
666,292
667,89
668,92
669,779
670,708
671,279
672,111
673,765
674,931
675,29
676,407
677,425
678,315
679,586
680,274
681,430
682,533
683,924
684,44
685,771
686,1
687,416
688,628
689,461
690,391
691,489
692,58
693,460
694,7
695,399
696,462
697,356
698,313
699,631
700,170
701,679
702,576
703,193
704,977
705,739
706,602
707,429
708,268
709,36
710,635
711,842
712,490
713,214
714,692
715,181
716,944
717,349
718,164
719,173
720,603
721,850
722,655
723,631
724,858
725,513
726,745
727,700
728,128
729,954
730,454
731,86
732,908
733,932
734,336
735,228
736,798
737,351
738,381
739,329
740,201
741,820
742,220
743,299
744,27
745,326
746,417
747,269
748,119
749,117
750,729
751,68
752,774
753,239
754,647
755,572
756,195
757,426
758,419
759,801
760,325
761,544
762,703
763,456
764,428
765,390
766,723
767,775
768,3
769,723
770,532
771,729
772,341
773,746
774,41
775,542
776,533
777,200
778,862
779,551
780,604
781,576
782,448
783,233
784,208
785,592
786,236
787,814
788,37
789,325
790,295
791,937
792,552
793,281
794,733
795,658
796,233
797,938
798,534
799,705
800,150
801,352
802,875
803,27
804,672
805,206
806,650
807,894
808,866
809,805
810,973
811,863
812,247
813,444
814,472
815,928
816,620
817,125
818,852
819,401
820,747
821,35
822,359
823,417
824,29
825,735
826,735
827,170
828,457
829,784
830,353
831,374
832,522
833,985
834,575
835,860
836,496
837,456
838,618
839,169
840,552
841,234
842,258
843,775
844,973
845,255
846,252
847,378
848,282
849,856
850,169
851,854
852,161
853,826
854,874
855,223
856,132
857,17
858,633
859,771
860,394
861,43
862,765
863,901
864,940
865,604
866,905
867,905
868,345
869,655
870,925
871,950
872,251
873,919
874,223
875,552
876,754
877,473
878,184
879,567
880,318
881,399
882,402
883,641
884,935
885,185
886,842
887,288
888,651
889,785
890,884
891,156
892,115
893,692
894,229
895,529
896,280
897,889
898,50
899,10
900,886
901,54
902,144
903,923
904,577
905,140
906,530
907,52
908,699
909,885
910,939
911,150
912,7
913,855
914,20
915,850
916,635
917,461
918,5
919,890
920,86
921,410
922,648
923,542
924,687
925,534
926,609
927,852
928,111
929,985
930,935
931,489
932,174
933,432
934,261
935,270
936,493
937,869
938,18
939,154
940,508
941,994
942,577
943,991
944,579
945,4
946,268
947,30
948,661
949,33
950,298
951,961
952,216
953,139
954,670
955,133
956,95
957,954
958,626
959,906
960,117
961,903
962,17
963,958
964,137
965,847
966,708
967,307
968,199
969,791
970,17
971,993
972,158
973,568
974,108
975,786
976,335
977,263
978,126
979,614
980,518
981,339
982,900
983,107
984,969
985,550
986,68
987,322
988,237
989,913
990,260
991,115
992,999
993,482
994,304
995,184
996,357
997,173
998,665
999,201
