0,959
1,940
2,748
3,891
4,615
5,694
6,757
7,441
8,821
9,58
10,482
11,696
12,731
13,31
14,509
15,150
16,856
17,536
18,364
19,689
20,682
21,222
22,102
23,932
24,906
25,278
26,348
27,835
28,746
29,206
30,267
31,890
32,41
33,13
34,87
35,710
36,430
37,78
38,88
39,82
40,171
41,648
42,129
43,561
44,581
45,993
46,78
47,540
48,279
49,494
50,742
51,829
52,371
53,748
54,672
55,297
56,788
57,350
58,636
59,844
60,406
61,855
62,800
63,343
64,649
65,29
66,635
67,422
68,276
69,493
70,619
71,283
72,95
73,859
74,570
75,749
76,11
77,664
78,365
79,165
80,40
81,669
82,837
83,480
84,985
85,550
86,424
87,587
88,760
89,632
90,256
91,694
92,258
93,778
94,178
95,72
96,413
97,971
98,84
99,708
100,341
101,335
102,736
103,392
104,94
105,336
106,388
107,129
108,64
109,51
110,563
111,36
112,231
113,986
114,682
115,789
116,555
117,22
118,127
119,31
120,718
121,574
122,933
123,584
124,720
125,524
126,593
127,414
128,942
129,194
130,276
131,469
132,427
133,713
134,751
135,901
136,941
137,779
138,966
139,752
140,506
141,609
142,584
143,361
144,98
145,841
146,155
147,558
148,27
149,904
150,379
151,55
152,466
153,198
154,369
155,148
156,123
157,29
158,788
159,83
160,767
161,419
162,901
163,169
164,865
165,488
166,724
167,683
168,965
169,157
170,196
171,509
172,959
173,850
174,778
175,431
176,955
177,577
178,633
179,983
180,79
181,631
182,204
183,228
184,472
185,63
186,328
187,999
188,879
189,682
190,962
191,704
192,463
193,76
194,185
195,766
196,187
197,706
198,666
199,773
200,943
201,890
202,887
203,382
204,172
205,163
206,176
207,749
208,999
209,934
210,22
211,929
212,433
213,617
214,801
215,581
216,539
217,118
218,823
219,718
220,105
221,723
222,259
223,281
224,235
225,926
226,305
227,744
228,685
229,790
230,386
231,195
232,453
233,100
234,993
235,497
236,683
237,423
238,499
239,86
240,115
241,275
242,710
243,179
244,506
245,475
246,905
247,382
248,966
249,4
250,779
251,638
252,234
253,13
254,39
255,953
256,718
257,384
258,716
259,122
260,490
261,89
262,461
263,332
264,177
265,283
266,461
267,765
268,937
269,525
270,365
271,624
272,874
273,889
274,171
275,2
276,930
277,888
278,940
279,860
280,267
281,406
282,592
283,118
284,223
285,571
286,524
287,4
288,102
289,325
290,393
291,203
292,494
293,665
294,718
295,385
296,152
297,257
298,265
299,561
300,290
301,819
302,918
303,673
304,803
305,581
306,396
307,461
308,70
309,161
310,155
311,127
312,852
313,924
314,272
315,634
316,782
317,862
318,228
319,457
320,175
321,108
322,329
323,719
324,526
325,625
326,47
327,803
328,641
329,204
330,290
331,103
332,38
333,976
334,203
335,525
336,503
337,994
338,690
339,971
340,884
341,972
342,184
343,659
344,407
345,867
346,68
347,355
348,743
349,459
350,595
351,987
352,254
353,619
354,676
355,913
356,702
357,371
358,294
359,901
360,560
361,989
362,705
363,829
364,463
365,298
366,109
367,267
368,752
369,951
370,796
371,257
372,282
373,246
374,651
375,978
376,629
377,378
378,147
379,488
380,257
381,544
382,463
383,888
384,563
385,881
386,800
387,661
388,685
389,494
390,358
391,324
392,270
393,114
394,530
395,302
396,171
397,393
398,341
399,699
400,258
401,291
402,237
403,599
404,480
405,152
406,840
407,853
408,548
409,185
410,35
411,911
412,395
413,407
414,792
415,914
416,904
417,3
418,302
419,97
420,955
421,529
422,532
423,345
424,984
425,129
426,855
427,422
428,941
429,427
430,384
431,371
432,688
433,991
434,258
435,196
436,241
437,173
438,384
439,143
440,356
441,649
442,402
443,92
444,201
445,763
446,987
447,882
448,437
449,661
450,880
451,392
452,510
453,815
454,359
455,646
456,63
457,122
458,173
459,453
460,141
461,18
462,891
463,195
464,539
465,217
466,549
467,859
468,593
469,859
470,748
471,683
472,818
473,135
474,182
475,323
476,895
477,710
478,557
479,428
480,785
481,51
482,46
483,580
484,386
485,738
486,125
487,43
488,3
489,499
490,200
491,114
492,660
493,34
494,724
495,411
496,703
497,442
498,404
499,375
500,404
501,872
502,792
503,858
504,292
505,956
506,353
507,255
508,970
509,754
510,256
511,249
512,125
513,781
514,909
515,321
516,596
517,755
518,146
519,87
520,728
521,786
522,600
523,641
524,491
525,331
526,260
527,575
528,687
529,446
530,61
531,270
532,847
533,912
534,473
535,194
536,926
537,767
538,855
539,411
540,423
541,888
542,741
543,290
544,273
545,582
546,679
547,265
548,316
549,610
550,760
551,357
552,645
553,935
554,302
555,348
556,791
557,872
558,823
559,134
560,903
561,805
562,140
563,847
564,729
565,928
566,626
567,834
568,329
569,894
570,929
571,749
572,621
573,597
574,154
575,855
576,320
577,922
578,525
579,866
580,687
581,477
582,664
583,798
584,454
585,33
586,838
587,285
588,799
589,848
590,898
591,685
592,451
593,12
594,516
595,290
596,868
597,199
598,382
599,357
600,784
601,795
602,65
603,829
604,206
605,597
606,479
607,999
608,351
609,382
610,293
611,182
612,381
613,99
614,968
615,224
616,401
617,297
618,924
619,24
620,129
621,504
622,966
623,456
624,749
625,470
626,506
627,562
628,84
629,670
630,311
631,779
632,137
633,421
634,498
635,910
636,220
637,291
638,778
639,73
640,67
641,740
642,629
643,214
644,140
645,315
646,242
647,403
648,31
649,804
650,564
651,903
652,478
653,858
654,611
655,695
656,637
657,164
658,610
659,212
660,562
661,305
662,931
663,879
664,607
665,230
666,259
667,71
668,438
669,720
670,697
671,875
672,98
673,803
674,376
675,45
676,673
677,154
678,224
679,592
680,741
681,580
682,523
683,992
684,780
685,955
686,599
687,711
688,105
689,331
690,2
691,356
692,979
693,831
694,447
695,159
696,537
697,497
698,882
699,242
700,774
701,887
702,567
703,838
704,799
705,824
706,669
707,954
708,206
709,953
710,373
711,518
712,277
713,306
714,491
715,318
716,165
717,746
718,848
719,484
720,638
721,17
722,256
723,307
724,565
725,116
726,650
727,533
728,410
729,480
730,56
731,390
732,236
733,649
734,126
735,797
736,588
737,309
738,668
739,107
740,982
741,530
742,774
743,150
744,38
745,212
746,128
747,529
748,270
749,401
750,514
751,8
752,136
753,244
754,328
755,143
756,548
757,684
758,951
759,468
760,529
761,727
762,441
763,892
764,165
765,845
766,217
767,521
768,11
769,82
770,827
771,243
772,467
773,956
774,150
775,68
776,772
777,545
778,115
779,147
780,259
781,109
782,844
783,236
784,429
785,762
786,995
787,378
788,589
789,585
790,354
791,988
792,851
793,462
794,317
795,50
796,409
797,955
798,845
799,483
800,86
801,311
802,4
803,731
804,885
805,170
806,62
807,268
808,817
809,181
810,881
811,973
812,605
813,24
814,229
815,304
816,25
817,712
818,63
819,53
820,227
821,910
822,500
823,827
824,31
825,844
826,921
827,778
828,290
829,298
830,192
831,815
832,875
833,348
834,269
835,956
836,219
837,414
838,566
839,975
840,599
841,84
842,369
843,620
844,79
845,122
846,411
847,379
848,133
849,299
850,469
851,789
852,636
853,921
854,916
855,260
856,464
857,462
858,49
859,162
860,235
861,550
862,187
863,859
864,36
865,843
866,683
867,58
868,901
869,44
870,155
871,32
872,457
873,837
874,766
875,547
876,882
877,269
878,353
879,18
880,589
881,972
882,900
883,761
884,993
885,523
886,145
887,378
888,738
889,746
890,12
891,719
892,868
893,713
894,669
895,492
896,239
897,102
898,731
899,22
900,944
901,522
902,900
903,88
904,653
905,440
906,314
907,892
908,352
909,790
910,398
911,683
912,577
913,253
914,308
915,282
916,191
917,500
918,336
919,963
920,59
921,820
922,983
923,524
924,262
925,231
926,688
927,114
928,591
929,409
930,920
931,167
932,164
933,43
934,429
935,291
936,950
937,778
938,570
939,840
940,131
941,870
942,590
943,535
944,830
945,428
946,632
947,831
948,247
949,251
950,755
951,624
952,565
953,694
954,620
955,960
956,96
957,414
958,990
959,439
960,80
961,263
962,52
963,287
964,82
965,803
966,772
967,337
968,876
969,231
970,472
971,721
972,833
973,216
974,119
975,288
976,258
977,923
978,961
979,300
980,968
981,5
982,438
983,513
984,534
985,975
986,907
987,239
988,748
989,270
990,53
991,588
992,797
993,891
994,113
995,874
996,630
997,294
998,153
999,51
