0,128
1,29
2,945
3,854
4,357
5,979
6,344
7,846
8,648
9,263
10,550
11,752
12,901
13,871
14,698
15,720
16,889
17,445
18,509
19,786
20,479
21,829
22,77
23,635
24,286
25,796
26,799
27,803
28,982
29,121
30,953
31,667
32,692
33,599
34,582
35,472
36,170
37,361
38,515
39,152
40,741
41,732
42,826
43,316
44,728
45,284
46,231
47,8
48,991
49,708
50,941
51,172
52,913
53,155
54,791
55,958
56,958
57,145
58,388
59,780
60,932
61,746
62,171
63,351
64,60
65,25
66,577
67,703
68,326
69,191
70,705
71,649
72,155
73,51
74,839
75,438
76,48
77,439
78,143
79,360
80,430
81,938
82,267
83,961
84,683
85,926
86,156
87,761
88,250
89,857
90,317
91,22
92,580
93,599
94,5
95,869
96,992
97,221
98,373
99,720
100,825
101,90
102,85
103,902
104,526
105,396
106,601
107,30
108,303
109,891
110,251
111,15
112,912
113,438
114,590
115,864
116,626
117,28
118,525
119,222
120,548
121,990
122,179
123,344
124,148
125,825
126,862
127,356
128,822
129,474
130,768
131,424
132,977
133,603
134,730
135,624
136,983
137,432
138,152
139,342
140,90
141,286
142,723
143,409
144,392
145,406
146,956
147,820
148,795
149,72
150,127
151,877
152,82
153,570
154,375
155,342
156,863
157,864
158,395
159,759
160,637
161,835
162,95
163,465
164,23
165,485
166,688
167,813
168,466
169,580
170,372
171,699
172,687
173,815
174,833
175,454
176,958
177,463
178,690
179,648
180,502
181,50
182,319
183,700
184,412
185,393
186,383
187,113
188,63
189,635
190,641
191,76
192,355
193,381
194,742
195,997
196,45
197,180
198,247
199,219
200,498
201,772
202,452
203,893
204,353
205,233
206,888
207,347
208,69
209,208
210,326
211,220
212,111
213,879
214,857
215,422
216,403
217,661
218,784
219,232
220,979
221,987
222,804
223,269
224,559
225,858
226,46
227,989
228,951
229,446
230,65
231,930
232,832
233,60
234,642
235,62
236,68
237,953
238,627
239,394
240,93
241,969
242,590
243,173
244,669
245,919
246,621
247,71
248,884
249,523
250,703
251,933
252,164
253,245
254,129
255,883
256,122
257,71
258,790
259,718
260,22
261,80
262,115
263,673
264,956
265,113
266,366
267,280
268,505
269,294
270,917
271,636
272,249
273,857
274,87
275,128
276,199
277,333
278,931
279,117
280,205
281,679
282,764
283,236
284,564
285,406
286,880
287,921
288,894
289,750
290,539
291,299
292,947
293,17
294,82
295,764
296,990
297,321
298,687
299,679
300,252
301,598
302,626
303,899
304,83
305,57
306,678
307,482
308,178
309,96
310,217
311,675
312,632
313,417
314,794
315,91
316,88
317,16
318,858
319,333
320,627
321,269
322,347
323,563
324,168
325,417
326,71
327,167
328,974
329,275
330,152
331,709
332,804
333,128
334,184
335,825
336,749
337,160
338,988
339,269
340,220
341,8
342,270
343,724
344,610
345,522
346,444
347,463
348,705
349,502
350,33
351,543
352,698
353,986
354,593
355,402
356,967
357,590
358,696
359,195
360,757
361,457
362,947
363,965
364,653
365,451
366,565
367,459
368,107
369,593
370,664
371,350
372,178
373,588
374,501
375,327
376,205
377,7
378,504
379,252
380,431
381,781
382,144
383,249
384,690
385,710
386,820
387,152
388,666
389,253
390,698
391,195
392,98
393,993
394,697
395,595
396,844
397,926
398,445
399,560
400,456
401,99
402,718
403,506
404,895
405,985
406,192
407,914
408,139
409,571
410,619
411,918
412,44
413,179
414,929
415,787
416,185
417,90
418,73
419,903
420,862
421,276
422,946
423,899
424,652
425,737
426,291
427,456
428,800
429,435
430,670
431,128
432,312
433,374
434,342
435,177
436,539
437,283
438,805
439,599
440,722
441,123
442,212
443,11
444,956
445,879
446,388
447,784
448,891
449,413
450,167
451,343
452,882
453,716
454,804
455,264
456,478
457,958
458,237
459,500
460,301
461,628
462,287
463,557
464,243
465,360
466,30
467,694
468,101
469,8
470,354
471,227
472,75
473,971
474,727
475,430
476,192
477,86
478,194
479,77
480,161
481,474
482,109
483,605
484,947
485,209
486,188
487,220
488,368
489,718
490,206
491,449
492,935
493,624
494,181
495,561
496,57
497,340
498,350
499,868
500,680
501,662
502,189
503,493
504,569
505,614
506,839
507,566
508,563
509,318
510,203
511,475
512,795
513,385
514,410
515,522
516,113
517,638
518,953
519,628
520,493
521,632
522,757
523,407
524,37
525,713
526,78
527,34
528,100
529,575
530,248
531,774
532,426
533,717
534,679
535,615
536,489
537,570
538,978
539,149
540,390
541,23
542,728
543,360
544,510
545,497
546,799
547,535
548,646
549,233
550,602
551,355
552,387
553,412
554,595
555,953
556,126
557,173
558,674
559,585
560,47
561,102
562,785
563,834
564,991
565,31
566,777
567,515
568,181
569,881
570,512
571,935
572,945
573,186
574,678
575,880
576,303
577,849
578,23
579,659
580,754
581,337
582,844
583,740
584,924
585,18
586,739
587,586
588,507
589,495
590,519
591,645
592,686
593,298
594,332
595,76
596,707
597,73
598,132
599,26
600,504
601,909
602,969
603,33
604,357
605,986
606,346
607,876
608,50
609,837
610,503
611,920
612,906
613,824
614,938
615,735
616,189
617,100
618,279
619,739
620,623
621,471
622,787
623,767
624,897
625,418
626,550
627,17
628,797
629,715
630,376
631,382
632,773
633,665
634,777
635,348
636,754
637,322
638,522
639,394
640,401
641,917
642,804
643,537
644,14
645,594
646,671
647,827
648,982
649,503
650,186
651,879
652,108
653,733
654,985
655,230
656,194
657,69
658,792
659,186
660,425
661,562
662,321
663,227
664,75
665,566
666,72
667,239
668,585
669,54
670,616
671,637
672,810
673,941
674,35
675,134
676,74
677,556
678,607
679,253
680,167
681,141
682,328
683,312
684,812
685,294
686,913
687,480
688,895
689,465
690,931
691,599
692,832
693,55
694,179
695,558
696,256
697,573
698,254
699,802
700,253
701,959
702,855
703,777
704,864
705,808
706,721
707,570
708,886
709,340
710,29
711,675
712,467
713,142
714,744
715,616
716,861
717,924
718,335
719,367
720,706
721,506
722,126
723,490
724,725
725,817
726,326
727,448
728,608
729,689
730,589
731,429
732,274
733,783
734,852
735,182
736,713
737,997
738,838
739,140
740,653
741,989
742,695
743,350
744,64
745,689
746,64
747,280
748,917
749,477
750,112
751,24
752,330
753,820
754,842
755,208
756,90
757,676
758,33
759,695
760,126
761,65
762,204
763,173
764,342
765,903
766,476
767,137
768,773
769,600
770,656
771,157
772,629
773,424
774,704
775,574
776,735
777,507
778,424
779,7
780,497
781,92
782,849
783,221
784,339
785,467
786,311
787,385
788,640
789,949
790,4
791,506
792,271
793,753
794,693
795,154
796,8
797,239
798,834
799,419
800,632
801,961
802,417
803,754
804,33
805,690
806,198
807,562
808,820
809,734
810,558
811,429
812,848
813,750
814,491
815,881
816,650
817,179
818,561
819,918
820,221
821,550
822,284
823,609
824,496
825,735
826,121
827,558
828,110
829,602
830,89
831,585
832,382
833,18
834,411
835,549
836,914
837,312
838,239
839,753
840,11
841,704
842,593
843,141
844,742
845,884
846,482
847,962
848,834
849,324
850,130
851,845
852,16
853,743
854,142
855,56
856,968
857,69
858,750
859,896
860,822
861,809
862,246
863,342
864,507
865,282
866,529
867,738
868,445
869,607
870,8
871,807
872,536
873,68
874,259
875,82
876,719
877,286
878,559
879,500
880,933
881,885
882,986
883,307
884,880
885,230
886,337
887,527
888,82
889,698
890,709
891,561
892,218
893,656
894,753
895,813
896,109
897,762
898,725
899,699
900,209
901,340
902,329
903,908
904,913
905,531
906,642
907,260
908,433
909,697
910,425
911,203
912,343
913,631
914,488
915,12
916,240
917,984
918,309
919,251
920,807
921,879
922,680
923,438
924,492
925,540
926,675
927,680
928,365
929,406
930,750
931,199
932,855
933,136
934,678
935,200
936,379
937,332
938,423
939,646
940,287
941,384
942,584
943,992
944,133
945,275
946,471
947,557
948,672
949,591
950,813
951,888
952,296
953,952
954,652
955,266
956,640
957,662
958,581
959,601
960,230
961,500
962,530
963,166
964,589
965,73
966,377
967,910
968,16
969,415
970,936
971,375
972,858
973,339
974,209
975,373
976,786
977,328
978,991
979,689
980,257
981,947
982,582
983,914
984,515
985,350
986,323
987,440
988,918
989,46
990,228
991,58
992,328
993,644
994,844
995,20
996,553
997,609
998,102
999,261
