0,697
1,928
2,733
3,864
4,938
5,117
6,978
7,437
8,571
9,666
10,837
11,38
12,11
13,508
14,311
15,336
16,589
17,263
18,10
19,137
20,929
21,295
22,379
23,409
24,649
25,337
26,861
27,157
28,839
29,580
30,380
31,444
32,850
33,212
34,85
35,891
36,139
37,39
38,46
39,764
40,517
41,188
42,882
43,292
44,763
45,443
46,465
47,714
48,859
49,238
50,752
51,590
52,959
53,751
54,857
55,231
56,220
57,292
58,436
59,249
60,303
61,441
62,868
63,439
64,937
65,969
66,456
67,401
68,566
69,521
70,288
71,3
72,296
73,984
74,341
75,400
76,365
77,506
78,791
79,154
80,351
81,803
82,684
83,92
84,368
85,583
86,843
87,294
88,572
89,118
90,254
91,270
92,671
93,513
94,907
95,103
96,110
97,309
98,337
99,765
100,934
101,332
102,854
103,29
104,160
105,275
106,900
107,51
108,557
109,683
110,738
111,546
112,817
113,694
114,725
115,223
116,669
117,580
118,745
119,81
120,230
121,85
122,979
123,982
124,430
125,567
126,570
127,785
128,702
129,920
130,129
131,244
132,79
133,338
134,670
135,236
136,81
137,396
138,519
139,182
140,579
141,876
142,120
143,546
144,799
145,154
146,679
147,683
148,172
149,10
150,382
151,661
152,140
153,751
154,973
155,351
156,674
157,541
158,559
159,59
160,556
161,959
162,798
163,869
164,67
165,306
166,58
167,214
168,421
169,450
170,195
171,198
172,831
173,936
174,305
175,903
176,482
177,623
178,963
179,275
180,989
181,600
182,245
183,470
184,826
185,624
186,225
187,616
188,232
189,877
190,305
191,947
192,686
193,65
194,796
195,716
196,253
197,145
198,304
199,447
200,218
201,268
202,106
203,196
204,577
205,271
206,172
207,493
208,753
209,549
210,699
211,352
212,973
213,615
214,275
215,963
216,214
217,299
218,158
219,454
220,99
221,194
222,662
223,931
224,111
225,354
226,871
227,994
228,716
229,896
230,77
231,250
232,296
233,880
234,255
235,802
236,433
237,423
238,349
239,94
240,256
241,853
242,287
243,928
244,390
245,184
246,381
247,811
248,832
249,787
250,153
251,779
252,354
253,907
254,504
255,941
256,130
257,879
258,820
259,898
260,338
261,375
262,381
263,719
264,167
265,711
266,774
267,3
268,423
269,179
270,648
271,188
272,858
273,375
274,561
275,513
276,324
277,958
278,93
279,76
280,588
281,549
282,62
283,478
284,359
285,806
286,874
287,536
288,217
289,110
290,896
291,743
292,595
293,352
294,897
295,724
296,714
297,204
298,128
299,366
300,110
301,187
302,586
303,238
304,762
305,97
306,617
307,873
308,953
309,887
310,81
311,958
312,38
313,599
314,759
315,604
316,584
317,788
318,920
319,526
320,168
321,167
322,87
323,857
324,973
325,356
326,727
327,536
328,634
329,584
330,151
331,929
332,870
333,776
334,773
335,553
336,509
337,453
338,47
339,794
340,923
341,691
342,855
343,414
344,969
345,653
346,333
347,916
348,552
349,166
350,731
351,507
352,852
353,21
354,157
355,888
356,306
357,462
358,914
359,6
360,940
361,95
362,895
363,846
364,479
365,710
366,363
367,905
368,671
369,469
370,253
371,293
372,720
373,400
374,965
375,319
376,202
377,907
378,917
379,257
380,114
381,36
382,193
383,417
384,157
385,582
386,343
387,138
388,261
389,162
390,336
391,885
392,630
393,782
394,687
395,903
396,365
397,572
398,338
399,10
400,984
401,627
402,293
403,313
404,301
405,340
406,146
407,402
408,271
409,727
410,920
411,795
412,111
413,654
414,829
415,422
416,584
417,949
418,336
419,380
420,139
421,91
422,305
423,241
424,1000
425,128
426,795
427,251
428,750
429,450
430,89
431,431
432,860
433,245
434,590
435,873
436,996
437,812
438,574
439,105
440,653
441,426
442,834
443,565
444,112
445,336
446,91
447,339
448,520
449,487
450,764
451,984
452,528
453,144
454,705
455,232
456,846
457,602
458,752
459,933
460,512
461,284
462,605
463,426
464,422
465,391
466,509
467,745
468,653
469,925
470,651
471,708
472,204
473,726
474,434
475,477
476,812
477,154
478,827
479,931
480,207
481,141
482,854
483,848
484,287
485,739
486,951
487,45
488,734
489,150
490,275
491,141
492,449
493,686
494,345
495,895
496,995
497,808
498,94
499,633
500,283
501,935
502,827
503,219
504,205
505,334
506,843
507,927
508,965
509,834
510,692
511,62
512,729
513,720
514,885
515,481
516,344
517,246
518,481
519,925
520,1
521,690
522,954
523,84
524,698
525,758
526,53
527,415
528,45
529,899
530,256
531,882
532,395
533,599
534,2
535,592
536,345
537,901
538,248
539,3
540,197
541,322
542,972
543,628
544,932
545,305
546,632
547,860
548,290
549,5
550,361
551,263
552,392
553,644
554,166
555,144
556,307
557,90
558,162
559,842
560,442
561,187
562,646
563,263
564,212
565,289
566,743
567,139
568,566
569,977
570,983
571,794
572,729
573,417
574,275
575,415
576,899
577,487
578,395
579,653
580,257
581,554
582,324
583,253
584,9
585,113
586,240
587,501
588,436
589,503
590,800
591,478
592,611
593,66
594,393
595,415
596,541
597,813
598,384
599,754
600,433
601,896
602,596
603,155
604,549
605,853
606,520
607,844
608,838
609,629
610,880
611,325
612,309
613,861
614,250
615,784
616,565
617,45
618,272
619,538
620,241
621,336
622,143
623,224
624,851
625,747
626,309
627,192
628,239
629,686
630,845
631,782
632,257
633,938
634,978
635,13
636,154
637,54
638,812
639,329
640,424
641,747
642,484
643,182
644,699
645,503
646,566
647,15
648,248
649,408
650,832
651,178
652,890
653,169
654,945
655,728
656,5
657,859
658,122
659,142
660,68
661,743
662,318
663,764
664,440
665,358
666,93
667,213
668,968
669,114
670,721
671,712
672,363
673,918
674,760
675,520
676,424
677,449
678,159
679,758
680,407
681,556
682,204
683,608
684,864
685,898
686,838
687,160
688,924
689,439
690,272
691,987
692,621
693,804
694,319
695,19
696,774
697,356
698,438
699,796
700,68
701,649
702,924
703,375
704,163
705,428
706,888
707,609
708,856
709,210
710,417
711,641
712,16
713,162
714,876
715,393
716,474
717,635
718,101
719,395
720,119
721,782
722,210
723,463
724,792
725,703
726,737
727,762
728,349
729,710
730,338
731,621
732,733
733,42
734,995
735,676
736,515
737,28
738,873
739,324
740,435
741,408
742,132
743,723
744,573
745,448
746,526
747,522
748,897
749,204
750,110
751,697
752,8
753,86
754,599
755,903
756,604
757,153
758,759
759,86
760,895
761,496
762,175
763,812
764,477
765,635
766,951
767,567
768,597
769,376
770,830
771,673
772,925
773,820
774,51
775,581
776,375
777,668
778,817
779,195
780,263
781,237
782,609
783,939
784,720
785,803
786,830
787,814
788,100
789,516
790,79
791,444
792,367
793,689
794,571
795,437
796,713
797,269
798,947
799,491
800,422
801,263
802,715
803,568
804,159
805,614
806,157
807,751
808,817
809,852
810,572
811,450
812,467
813,762
814,478
815,369
816,221
817,169
818,286
819,462
820,43
821,87
822,538
823,692
824,103
825,540
826,541
827,224
828,128
829,610
830,490
831,124
832,538
833,904
834,9
835,139
836,465
837,761
838,470
839,50
840,585
841,748
842,92
843,509
844,839
845,942
846,784
847,268
848,276
849,533
850,400
851,866
852,920
853,339
854,216
855,88
856,68
857,74
858,83
859,984
860,94
861,917
862,191
863,996
864,693
865,290
866,378
867,651
868,358
869,848
870,720
871,255
872,735
873,515
874,987
875,350
876,601
877,204
878,94
879,526
880,338
881,456
882,834
883,227
884,86
885,51
886,309
887,410
888,930
889,706
890,665
891,480
892,59
893,992
894,322
895,787
896,622
897,45
898,8
899,70
900,875
901,571
902,112
903,800
904,863
905,227
906,326
907,766
908,118
909,909
910,812
911,331
912,817
913,113
914,39
915,80
916,233
917,431
918,566
919,899
920,68
921,3
922,370
923,100
924,103
925,955
926,669
927,49
928,808
929,484
930,219
931,233
932,232
933,576
934,624
935,878
936,392
937,523
938,130
939,140
940,603
941,516
942,247
943,1
944,559
945,184
946,121
947,107
948,533
949,254
950,315
951,403
952,964
953,932
954,644
955,156
956,661
957,861
958,616
959,284
960,490
961,611
962,898
963,640
964,547
965,891
966,774
967,93
968,356
969,97
970,944
971,382
972,3
973,605
974,885
975,978
976,627
977,723
978,796
979,793
980,680
981,210
982,651
983,485
984,167
985,991
986,341
987,604
988,236
989,593
990,660
991,866
992,334
993,689
994,398
995,283
996,844
997,262
998,159
999,395
