0,148
1,703
2,548
3,575
4,306
5,98
6,735
7,83
8,886
9,948
10,845
11,830
12,864
13,970
14,557
15,232
16,745
17,533
18,295
19,52
20,5
21,138
22,324
23,812
24,541
25,713
26,548
27,768
28,692
29,282
30,427
31,367
32,828
33,166
34,577
35,460
36,815
37,889
38,963
39,879
40,71
41,546
42,550
43,727
44,437
45,649
46,456
47,929
48,399
49,431
50,763
51,741
52,846
53,13
54,262
55,342
56,255
57,218
58,176
59,986
60,541
61,66
62,164
63,276
64,659
65,845
66,637
67,949
68,827
69,796
70,987
71,442
72,60
73,889
74,975
75,227
76,743
77,776
78,927
79,688
80,13
81,376
82,186
83,110
84,297
85,807
86,551
87,659
88,18
89,693
90,218
91,281
92,992
93,391
94,986
95,406
96,840
97,871
98,939
99,538
100,30
101,79
102,947
103,604
104,313
105,19
106,221
107,483
108,556
109,788
110,634
111,899
112,145
113,197
114,767
115,849
116,891
117,153
118,160
119,521
120,524
121,736
122,623
123,798
124,539
125,970
126,997
127,482
128,705
129,305
130,866
131,115
132,560
133,855
134,316
135,429
136,156
137,377
138,887
139,921
140,685
141,731
142,356
143,303
144,796
145,782
146,22
147,783
148,717
149,452
150,360
151,265
152,132
153,543
154,82
155,512
156,133
157,531
158,96
159,533
160,97
161,267
162,974
163,486
164,367
165,4
166,99
167,267
168,228
169,266
170,373
171,750
172,429
173,928
174,406
175,559
176,751
177,993
178,448
179,542
180,778
181,788
182,998
183,151
184,50
185,401
186,880
187,295
188,522
189,713
190,356
191,955
192,242
193,566
194,195
195,139
196,375
197,422
198,195
199,24
200,851
201,62
202,290
203,410
204,15
205,748
206,521
207,269
208,987
209,750
210,147
211,41
212,153
213,595
214,933
215,584
216,474
217,720
218,188
219,780
220,779
221,87
222,590
223,743
224,235
225,144
226,740
227,417
228,587
229,211
230,783
231,636
232,749
233,744
234,350
235,914
236,62
237,419
238,557
239,635
240,466
241,353
242,784
243,191
244,198
245,212
246,589
247,128
248,985
249,354
250,637
251,10
252,171
253,956
254,624
255,14
256,821
257,596
258,524
259,942
260,984
261,429
262,153
263,501
264,281
265,901
266,326
267,492
268,81
269,547
270,695
271,51
272,568
273,314
274,659
275,566
276,917
277,791
278,122
279,858
280,69
281,999
282,448
283,645
284,435
285,855
286,709
287,818
288,420
289,770
290,107
291,936
292,178
293,669
294,238
295,404
296,248
297,574
298,763
299,744
300,740
301,680
302,397
303,851
304,683
305,882
306,294
307,389
308,324
309,727
310,525
311,673
312,861
313,680
314,613
315,362
316,497
317,749
318,260
319,258
320,496
321,19
322,921
323,37
324,160
325,511
326,111
327,201
328,612
329,342
330,447
331,700
332,845
333,470
334,831
335,584
336,397
337,233
338,736
339,975
340,12
341,594
342,463
343,522
344,150
345,948
346,28
347,66
348,687
349,131
350,385
351,712
352,869
353,390
354,642
355,388
356,683
357,254
358,887
359,465
360,671
361,457
362,764
363,220
364,963
365,745
366,537
367,612
368,254
369,497
370,69
371,139
372,654
373,903
374,445
375,878
376,301
377,810
378,872
379,210
380,282
381,558
382,221
383,71
384,335
385,834
386,591
387,489
388,288
389,307
390,503
391,574
392,879
393,775
394,841
395,795
396,675
397,271
398,469
399,802
400,640
401,216
402,856
403,808
404,897
405,855
406,363
407,431
408,462
409,140
410,161
411,885
412,782
413,361
414,173
415,764
416,65
417,973
418,642
419,626
420,428
421,928
422,412
423,83
424,470
425,567
426,942
427,232
428,935
429,2
430,829
431,441
432,964
433,743
434,427
435,650
436,47
437,811
438,988
439,685
440,483
441,698
442,50
443,184
444,930
445,960
446,286
447,203
448,420
449,25
450,814
451,196
452,983
453,697
454,367
455,118
456,989
457,419
458,318
459,280
460,338
461,268
462,850
463,632
464,546
465,429
466,866
467,906
468,789
469,20
470,776
471,65
472,376
473,965
474,868
475,57
476,638
477,827
478,111
479,71
480,231
481,105
482,215
483,772
484,738
485,852
486,61
487,75
488,602
489,753
490,65
491,903
492,24
493,568
494,130
495,989
496,896
497,130
498,120
499,941
500,340
501,879
502,293
503,760
504,54
505,259
506,726
507,191
508,755
509,53
510,790
511,129
512,441
513,901
514,701
515,390
516,899
517,297
518,998
519,173
520,874
521,125
522,109
523,520
524,292
525,527
526,719
527,874
528,841
529,564
530,955
531,529
532,219
533,889
534,396
535,376
536,510
537,938
538,806
539,998
540,649
541,127
542,996
543,5
544,104
545,771
546,617
547,402
548,282
549,872
550,399
551,229
552,53
553,359
554,291
555,830
556,266
557,205
558,538
559,335
560,516
561,656
562,881
563,441
564,102
565,452
566,759
567,381
568,444
569,731
570,550
571,855
572,781
573,934
574,343
575,215
576,485
577,71
578,85
579,366
580,694
581,799
582,237
583,551
584,45
585,371
586,35
587,259
588,370
589,110
590,219
591,443
592,130
593,660
594,173
595,413
596,159
597,435
598,233
599,372
600,155
601,437
602,908
603,102
604,760
605,654
606,794
607,687
608,820
609,851
610,411
611,45
612,157
613,630
614,791
615,502
616,605
617,592
618,152
619,205
620,620
621,668
622,985
623,106
624,724
625,440
626,473
627,533
628,402
629,591
630,719
631,494
632,460
633,314
634,752
635,959
636,6
637,317
638,630
639,939
640,533
641,754
642,651
643,623
644,61
645,517
646,562
647,884
648,327
649,981
650,768
651,114
652,620
653,740
654,661
655,761
656,926
657,426
658,592
659,677
660,46
661,589
662,312
663,831
664,532
665,399
666,38
667,618
668,650
669,84
670,513
671,276
672,363
673,175
674,331
675,49
676,1000
677,836
678,27
679,617
680,212
681,318
682,317
683,26
684,200
685,713
686,453
687,215
688,418
689,935
690,510
691,10
692,393
693,593
694,372
695,957
696,338
697,712
698,514
699,344
700,160
701,443
702,385
703,830
704,368
705,9
706,806
707,218
708,106
709,457
710,959
711,423
712,45
713,109
714,605
715,386
716,450
717,739
718,862
719,134
720,276
721,859
722,745
723,204
724,727
725,122
726,322
727,92
728,646
729,496
730,843
731,174
732,504
733,532
734,737
735,394
736,34
737,727
738,730
739,993
740,360
741,106
742,874
743,20
744,358
745,738
746,568
747,8
748,814
749,801
750,890
751,541
752,50
753,506
754,822
755,905
756,604
757,255
758,68
759,510
760,112
761,248
762,573
763,943
764,686
765,486
766,477
767,56
768,646
769,494
770,661
771,690
772,24
773,157
774,722
775,30
776,367
777,758
778,215
779,813
780,740
781,342
782,52
783,94
784,744
785,304
786,89
787,551
788,871
789,196
790,168
791,952
792,263
793,728
794,59
795,303
796,819
797,871
798,913
799,572
800,34
801,318
802,773
803,896
804,976
805,250
806,18
807,366
808,210
809,778
810,128
811,606
812,297
813,814
814,555
815,368
816,791
817,914
818,796
819,345
820,58
821,449
822,83
823,590
824,163
825,870
826,328
827,374
828,294
829,566
830,67
831,977
832,550
833,444
834,455
835,546
836,388
837,470
838,427
839,901
840,114
841,848
842,579
843,721
844,417
845,969
846,857
847,514
848,618
849,312
850,850
851,261
852,184
853,486
854,295
855,366
856,164
857,842
858,690
859,920
860,559
861,82
862,825
863,495
864,441
865,343
866,152
867,442
868,362
869,981
870,514
871,636
872,359
873,479
874,143
875,363
876,819
877,15
878,732
879,555
880,682
881,10
882,471
883,377
884,973
885,694
886,738
887,710
888,352
889,313
890,10
891,20
892,389
893,915
894,552
895,568
896,698
897,36
898,327
899,597
900,481
901,523
902,598
903,762
904,197
905,116
906,769
907,398
908,553
909,213
910,921
911,578
912,720
913,704
914,126
915,634
916,885
917,779
918,120
919,92
920,381
921,162
922,221
923,389
924,782
925,125
926,270
927,602
928,654
929,198
930,167
931,405
932,726
933,783
934,708
935,697
936,532
937,780
938,873
939,880
940,459
941,169
942,284
943,281
944,729
945,971
946,707
947,132
948,202
949,399
950,622
951,514
952,722
953,978
954,865
955,57
956,391
957,312
958,21
959,260
960,161
961,666
962,742
963,904
964,210
965,852
966,486
967,306
968,686
969,152
970,345
971,39
972,610
973,876
974,1000
975,574
976,856
977,980
978,638
979,433
980,544
981,105
982,943
983,339
984,675
985,104
986,763
987,273
988,485
989,508
990,380
991,304
992,701
993,498
994,884
995,426
996,42
997,917
998,837
999,64
