0,25.970516603611703
1,15.242078285934356
2,15.802034272394673
3,91.06936538327079
4,55.606956238383574
5,42.041142508925894
6,65.36973991027054
7,99.12025024871272
8,40.70980178398824
9,49.04419187748651
10,5.6423884511869105
11,50.15085426007421
12,47.761872539832325
13,6.604134800315
14,28.928984675560585
15,47.54997476892857
16,18.030292402422642
17,23.554687013020555
18,39.3191961522709
19,16.371544227187528
20,84.22239721692638
21,56.868124443934384
22,79.81151357775384
23,51.362778997023135
24,6.130676441388671
25,1.3974008894773793
26,82.57933023202335
27,2.653337347184377
28,47.3387761983442
29,81.97164501913365
30,41.86402063510421
31,69.73981844791828
32,56.69294065871738
33,51.96172584853103
34,82.55775675556758
35,64.92444490282567
36,62.478269327920195
37,28.86916453306813
38,6.586485421142272
39,78.75793242778552
40,2.9904810617400015
41,13.274439188723314
42,42.71121307998085
43,30.3851412847436
44,92.24913937788325
45,47.39607531119596
46,52.85461448406354
47,8.13949245639811
48,19.420722301279568
49,12.827158284839484
50,50.10852753093227
51,89.90750041435665
52,59.09845070036665
53,13.057040558428069
54,67.039431409742
55,24.275448055770934
56,44.93100640461378
57,34.824218375120175
58,67.06320989327979
59,7.583166649554258
60,88.90562905010445
61,65.42791467042846
62,9.797445333729916
63,32.01228909653768
64,59.91681235904794
65,70.11786534925629
66,44.0230794656441
67,19.086755702305304
68,37.321791729186195
69,58.36968327942781
70,92.20112972587876
71,99.76087768845584
72,33.66572061940633
73,58.817873381204656
74,98.32343950464379
75,80.27453598965175
76,13.281362587082397
77,77.14589464520708
78,54.91983701838027
79,51.18140774470664
80,94.77562778884246
81,58.47417080662451
82,5.972206013948105
83,16.72625924739208
84,69.3194234919298
85,89.49208059331387
86,36.446119178398625
87,27.133686323227348
88,79.56882583010187
89,38.39713844668627
90,76.6885290800225
91,13.28081901731893
92,57.29925089066819
93,47.065032728280684
94,23.380103739202696
95,45.07688303319985
96,69.82757880043965
97,58.673758952763144
98,13.228344690811758
99,61.97454876867619
100,52.2156593037612
101,91.97169005264266
102,52.58827109949542
103,83.47301032555384
104,30.316939719897082
105,13.88343278529498
106,11.108075698070392
107,54.61073709353251
108,37.52150619727185
109,61.69569819814999
110,70.98193323002552
111,80.73217709289572
112,31.591704953705346
113,21.805031016330815
114,9.077501581602945
115,70.4454366307772
116,50.598554712021745
117,4.194620913098229
118,55.29644706492714
119,72.45044479955679
120,75.42811653726777
121,81.01880459228879
122,37.24969092395596
123,97.7480750384652
124,52.97371800542041
125,20.996202689640302
126,2.8909354674951055
127,20.736562063433315
128,59.963335945316835
129,42.43808560807727
130,45.35615374832345
131,67.35060048794479
132,86.73205235558844
133,24.699892286488115
134,15.940943225217985
135,63.75126976957396
136,62.68387977928641
137,88.07076765525555
138,85.58224597258902
139,69.91949505024233
140,3.7040919471296805
141,76.15970699196646
142,46.948725002350436
143,45.332388588266944
144,21.34495341353715
145,20.04553343558612
146,9.061667326980452
147,89.57893374523226
148,2.7400986198222097
149,28.42685386064109
150,86.04607938799404
151,38.39322872967199
152,37.20415865991773
153,69.72863409446018
154,40.22474120862537
155,53.755189910676194
156,82.26928081770565
157,99.15222984509498
158,2.520771297516784
159,30.241372649240045
160,43.240432775763374
161,19.35125736428108
162,99.23442127793389
163,26.172672041444766
164,25.05975103953841
165,1.1450101891486075
166,69.15628243131985
167,40.818042704977316
168,64.37729836292164
169,30.705869429414626
170,11.163095488107157
171,96.59831322562037
172,56.50543309036533
173,22.611926463195747
174,43.56880767456741
175,78.59121980839815
176,5.05298143954217
177,20.796316966072812
178,66.48338776090016
179,38.60508763509008
180,72.70883731168965
181,8.745512981788572
182,96.12949785655702
183,84.057023929558
184,41.774690404300785
185,67.08313811332697
186,23.17204900753905
187,8.60078530367359
188,33.93961204196574
189,14.466329914927186
190,69.70389839605235
191,49.66433439516655
192,74.3741595697037
193,44.407081448141724
194,54.90120101160331
195,53.27834974721787
196,48.17515196459402
197,2.662658615715761
198,1.7753593818691251
199,48.03263801097873
200,14.84362915275363
201,56.23184952333281
202,53.15169956648767
203,37.11994226341259
204,69.95318242197344
205,51.79333266676569
206,78.02983350610155
207,28.01442357947932
208,19.015676241241707
209,58.617740026772246
210,77.80274053213562
211,4.233983583573138
212,46.91047544726034
213,2.7259470896405875
214,79.40320345733062
215,53.018838376310576
216,62.1385438916826
217,13.723299727692662
218,69.45928195586207
219,8.491676773472186
220,92.56756402689591
221,96.41167235328562
222,82.43847552660938
223,17.0521039438823
224,85.24120259658768
225,14.565190086437221
226,21.995290612518613
227,44.663752310463956
228,51.66804725820108
229,31.409701606945866
230,48.9005279352603
231,52.83698632490699
232,84.00789586554403
233,72.25810252043316
234,39.41263174457202
235,98.06586455460967
236,86.49020767160135
237,30.42387400260398
238,65.58677549083582
239,44.653289685454595
240,84.59125757844903
241,95.73494955626721
242,68.95244374705845
243,93.39314771792257
244,1.2866841819546462
245,56.360879657438
246,65.08347000881298
247,56.94034259282464
248,58.22772031165047
249,43.87323367196133
250,20.783915233210365
251,13.834631610865438
252,95.51840734554204
253,66.57867079840055
254,22.748558912954167
255,86.61140699265933
256,61.58366209150163
257,29.572619206128735
258,74.73160580921228
259,27.542000415643923
260,4.507260580579788
261,69.15939102053113
262,23.79345988411961
263,88.31324409307771
264,21.79094055283714
265,55.10478524705241
266,43.9793381527573
267,26.921355852401458
268,42.083956328526725
269,6.295982948439562
270,66.11587171315357
271,59.225525049729775
272,81.41133563131173
273,69.44757964611821
274,6.4541221982544315
275,88.78108794568597
276,25.909672775923923
277,64.35244155736552
278,21.474112367173298
279,32.803118360463365
280,6.685524774914704
281,44.392464753823134
282,8.054709948216434
283,47.61498922749751
284,65.60582663437921
285,37.74373232475197
286,67.48609625728702
287,6.60909230125442
288,53.146659536584814
289,4.559042789586633
290,26.915468209156113
291,66.51986081665217
292,63.99374575463747
293,55.22030853495051
294,82.37779890317033
295,28.62814685127286
296,87.18300263044299
297,82.76004802437096
298,48.268064444739274
299,54.051839052708985
300,77.44587127600184
301,47.28094938792301
302,28.806377573678418
303,90.0785803072272
304,5.94566913744381
305,74.98193862131022
306,31.497867016386284
307,38.03892952617511
308,54.69705440062464
309,66.88386003928143
310,33.14905278845046
311,6.962133087442936
312,91.0296803051335
313,32.41550716867489
314,71.63187649632458
315,79.00645094806397
316,71.33883898288175
317,17.368565387201578
318,14.760363249877305
319,7.988504486994725
320,66.99564154981132
321,65.1240466111209
322,59.72128607805356
323,58.43356409792448
324,34.33253610303083
325,22.771087378520534
326,56.206054238434355
327,44.769982416195774
328,67.69839123307548
329,41.415962711350254
330,63.683503617590624
331,34.62688020254415
332,67.50523891544654
333,99.36087704952008
334,29.284317733003927
335,20.954940761400398
336,31.105578579852132
337,20.30585075300896
338,9.16892486141861
339,36.74788747640834
340,42.72357359793165
341,26.410180854833172
342,91.47999572516584
343,74.0803514963268
344,47.825762568165075
345,91.4917228080718
346,4.662478711930387
347,71.93886842294769
348,7.453292867173844
349,78.82957592884428
350,90.12695894489384
351,30.30902823082271
352,53.34825585227125
353,16.115258331563854
354,4.309031328835994
355,11.941615242821902
356,65.94111505761529
357,51.02346447400662
358,38.96642227832268
359,47.394038478500974
360,38.93307322158526
361,39.10086379321111
362,18.20392146033353
363,19.881600059040654
364,8.780800835671238
365,17.113051510104672
366,52.601104797951194
367,46.88383407803701
368,50.67082999685796
369,70.1518812150765
370,73.06872845108686
371,97.2032025855927
372,94.5071949662705
373,84.92147876272638
374,28.955475282290465
375,90.61773499992348
376,35.767875006108845
377,13.186495861159019
378,28.52275971079778
379,25.473709976667433
380,4.7741685809754575
381,57.77852882307733
382,31.467742831656235
383,27.214432025203923
384,15.569820680689638
385,78.20887477258749
386,19.851723896290416
387,44.64676220482355
388,56.58324189928162
389,73.6510402596681
390,74.83171960633645
391,62.33565143070646
392,80.56895882697118
393,32.90248855718574
394,43.20678373776942
395,8.73644012222424
396,60.57057753967214
397,80.5326488613286
398,26.16586575509432
399,71.44727013786003
400,8.694734704316442
401,50.20917559253605
402,27.631180438007842
403,19.67580645984547
404,92.59877134657376
405,95.860390962542
406,74.79199749137342
407,44.496948471686935
408,23.99114483874232
409,87.64738533025414
410,47.0607593082273
411,9.308861397982168
412,28.248263657924973
413,63.60125900121694
414,63.71765244731692
415,27.813694813484442
416,20.595110900253772
417,58.060533966639035
418,16.191857218507995
419,60.473762273313326
420,37.482845806926925
421,15.158218867253202
422,94.99178817776995
423,77.64579549811691
424,76.7092265684675
425,86.3839843080503
426,33.806568230615525
427,27.46657386008473
428,33.57040657941648
429,89.74566895454913
430,42.533871703573645
431,90.7149095342673
432,75.30570904353067
433,36.56230823522541
434,33.017746273545555
435,82.28737657739931
436,84.25281981216675
437,26.67327097975274
438,23.569668882199203
439,60.09771231672304
440,88.28734770447592
441,74.70450327993176
442,90.69976710152129
443,67.98311791785636
444,78.9280224632548
445,6.164778260896011
446,87.65448921772774
447,66.53778448875993
448,96.83436414569032
449,12.018725104100623
450,25.30531277064985
451,81.09590140005734
452,99.10737572768811
453,37.927530813154924
454,41.51750835831528
455,20.72980172301982
456,59.304909559265745
457,74.23473629703113
458,9.65364522714616
459,25.198401811972396
460,60.38297632710717
461,26.695883861164972
462,65.61493610783911
463,44.70982092059834
464,82.17123392508925
465,35.853869774460186
466,63.038730809745196
467,63.53457206390694
468,38.32166746109182
469,58.66561504623771
470,10.28488094588286
471,88.66932207098101
472,43.09228455224904
473,53.00206131813427
474,27.6837895625594
475,23.63370304623443
476,29.526427622641133
477,90.89098068961951
478,94.34925021829446
479,33.45130160797581
480,85.02360466534503
481,43.063782487205785
482,61.52937813164368
483,50.106930704894786
484,51.28373566026563
485,24.403609383612817
486,9.511248756857386
487,31.804914086160007
488,69.07494965211107
489,82.71376696885659
490,13.050923248812227
491,84.72595992835299
492,94.68472505552296
493,79.41277270832983
494,96.55207991249029
495,56.04818465642199
496,9.683925745066974
497,27.73980065419145
498,73.3563083751499
499,97.96391262014497
500,51.67707771696054
501,45.280737737163534
502,16.163709010861382
503,77.32332809858032
504,97.4514840357115
505,43.650067426692374
506,28.259771287975173
507,18.46036467664279
508,54.2331728781434
509,60.72735427061501
510,80.34023237611827
511,81.31189349587524
512,95.79166533917426
513,29.586171503777006
514,50.75235129476653
515,52.6241407851945
516,98.89087741746806
517,61.009717557552925
518,79.4776352548609
519,58.27871179337365
520,47.11672901469718
521,4.314084296731825
522,7.53145945474038
523,40.69820566207616
524,49.670860043546526
525,14.637489085377945
526,80.58768321424358
527,11.38731922174121
528,74.03756901531396
529,83.16717463512545
530,39.0433685785257
531,71.7755103833266
532,42.73146378386231
533,83.18438306251836
534,49.18135852459452
535,74.75661583554056
536,87.45533579234969
537,9.593904429539512
538,40.38794325140714
539,52.012703046217695
540,32.864167980654265
541,11.090251622193831
542,4.551821826518379
543,19.308487075579126
544,28.793265514117486
545,54.66528088271105
546,41.727092921586234
547,32.36451960324133
548,83.05259629874836
549,50.29239816310003
550,57.02578101060399
551,57.29252567383634
552,66.95311358232931
553,75.67251765331655
554,42.88330304342982
555,61.67625684360719
556,15.862641435660022
557,62.951194734432605
558,30.46155931845086
559,76.23613741398012
560,10.924185133774024
561,68.29454282278549
562,43.68715647475338
563,61.36600944823283
564,43.327582423474034
565,99.98009323087358
566,37.45713556255317
567,46.28496261365811
568,81.01954537810933
569,35.52133093747881
570,29.24405104762104
571,91.1368747002614
572,80.8733479660145
573,76.34103448469348
574,33.21430220641563
575,39.63964536445311
576,8.775864437081918
577,2.473002122400094
578,51.719581947885366
579,36.98303090036312
580,29.936974297688447
581,33.33559865272525
582,76.4633163678033
583,9.225518186950087
584,25.477332323722774
585,52.67585281341421
586,57.44492274509716
587,55.65975971251055
588,65.69171034910251
589,47.196441349468344
590,40.79671506395047
591,51.150943438875494
592,80.04237527017956
593,15.105019851763924
594,10.933131749040246
595,26.364460044305662
596,54.45585947006839
597,39.18733569235769
598,97.28389850890657
599,16.551557041734213
600,88.93789425666621
601,37.44161272075553
602,55.688113138734224
603,27.808348220493475
604,82.50067841292113
605,37.98026637913143
606,73.9135586033076
607,82.99348753405667
608,74.4099669575352
609,55.711017159264344
610,14.372691063736283
611,40.326863374202865
612,49.150885652685595
613,23.487725444991764
614,57.410318028084994
615,70.39800459088138
616,98.75172249438937
617,32.567818799723874
618,42.68594169181226
619,80.69827202646734
620,63.2220933918091
621,5.3608845819422815
622,14.229305739804069
623,6.282268816721204
624,76.08610940703085
625,7.180680780688035
626,96.73931144177398
627,31.8271498974705
628,59.23376599786057
629,11.042367738890484
630,50.91583340439187
631,10.445845955398871
632,54.38029975694908
633,1.6792741944726317
634,79.44693216432222
635,61.91726809850967
636,57.960459508449006
637,2.0933768738078067
638,90.89760747150542
639,56.88854110364763
640,59.2796058782899
641,4.786774201196703
642,52.49942070688622
643,56.79147465129943
644,68.9928084604828
645,23.811532680714073
646,21.09620029072822
647,44.94791773265239
648,26.069402786244545
649,38.75897550276063
650,47.81267519081603
651,96.75699503065279
652,57.68539517225734
653,35.30099734631784
654,1.4503179321261344
655,52.23901352691968
656,97.98332090115773
657,3.270716191077101
658,70.75445993776837
659,4.99825029624353
660,55.51424405389297
661,89.87078049107726
662,28.357678243390787
663,63.41216250814631
664,5.195968850439584
665,68.55332037001486
666,56.09759810742317
667,92.98980909584262
668,24.21078011331796
669,35.044445345611315
670,1.3505677018063222
671,38.18837133941855
672,91.91289720037545
673,59.10712873941901
674,43.16694748306534
675,18.61201697112916
676,41.597961715510074
677,63.77448856102547
678,62.80045333466209
679,47.14222524303456
680,61.89544350522289
681,90.80494738285789
682,61.74301927932166
683,52.55874751268465
684,4.873865282871126
685,51.29391280906425
686,65.939764341074
687,68.92042194193664
688,70.86576277181797
689,25.802001274346342
690,32.17597787690196
691,74.2151626631449
692,46.190497914629574
693,84.1221918765515
694,71.49743896083433
695,29.78788402440123
696,68.01897272141369
697,58.09502953646166
698,77.12629644171317
699,84.0985592683174
700,83.1060147777567
701,43.9508469840599
702,23.289669991684
703,48.11359890858443
704,71.06293576391897
705,26.150276391412234
706,24.207311370668087
707,87.52486836508395
708,29.711819740206238
709,71.99547857637779
710,59.22123174680475
711,31.351411925715347
712,68.04671540892798
713,70.62096175670511
714,78.73486684031693
715,26.81718661200129
716,36.98696899916236
717,36.36432280337875
718,36.94227328640583
719,79.2356397472658
720,62.7308851048155
721,14.33063855948847
722,92.69446821666378
723,91.8359848091815
724,9.582416644694424
725,54.73609757443592
726,77.87316298505584
727,67.70317906876579
728,86.90436949229489
729,43.602136265787614
730,61.979985923700276
731,64.94564031409149
732,45.51439796245591
733,33.69675764766345
734,83.79122533634568
735,68.87267610805453
736,74.15774538448386
737,10.230691938130802
738,63.13075213812061
739,25.075184152269387
740,17.05083109872651
741,17.131831749566743
742,60.45547803189863
743,11.644621221668663
744,43.05866634949194
745,21.87649646266231
746,18.10761907388053
747,77.81626467631065
748,17.4356262008126
749,24.14137764765972
750,17.79271156045935
751,84.81317408439786
752,77.8943728986905
753,32.72408002125574
754,72.31551325936287
755,67.40964654853128
756,55.08771171686649
757,16.94692913464967
758,82.3804592586356
759,19.32412019311377
760,15.28452485107794
761,57.56570910379851
762,88.62615604727863
763,85.9884497158292
764,55.91906408128545
765,66.34742360813839
766,6.231798436676985
767,2.8777375550842375
768,50.535157708235666
769,28.539128200143626
770,79.33312729815908
771,13.288036648311884
772,84.53735710742089
773,80.98029784813448
774,55.79534957510219
775,47.67632035567539
776,45.163271765419694
777,75.84595363382628
778,61.380153654597386
779,96.75636549729849
780,68.2724689103465
781,78.34824223647549
782,53.330086007820945
783,56.862284975828196
784,33.45992430098527
785,55.22980318797389
786,80.31267544726433
787,44.06145670368458
788,81.10677548496827
789,93.20963863377679
790,12.370862591441313
791,45.22357523993172
792,72.77557316867335
793,54.57708845317698
794,11.67024408497856
795,77.7946909996611
796,5.666407589468219
797,58.59273379694335
798,28.287486243223785
799,51.63659487101714
800,52.54504878344247
801,63.79181007022989
802,36.40179484951191
803,66.38940452072654
804,93.71539113687031
805,40.18898965111655
806,45.42297264976417
807,44.26452512179323
808,48.60626496519021
809,56.034149222823984
810,17.89557415873603
811,10.922806847884091
812,98.01885663791997
813,13.369330344303181
814,32.89621383015297
815,17.67859320916974
816,84.72209393309089
817,90.99305409578233
818,53.21290099176167
819,33.06214612378946
820,49.05334586959262
821,6.317788715957104
822,77.3985613624129
823,68.45818235047898
824,89.9817271926724
825,94.26676775618024
826,31.114518789876406
827,93.68364471383347
828,6.632767173089645
829,48.82067802748515
830,57.89146137332354
831,17.386377498818202
832,77.8452145998815
833,3.0730731087423195
834,38.42798435636868
835,55.74163988054224
836,92.0722069753274
837,44.741375702967275
838,21.287722805563128
839,31.512619762683027
840,69.06950324760629
841,84.80776828540313
842,53.43909118487286
843,47.32113312963761
844,28.202767691439487
845,56.10941956674392
846,85.80355884795648
847,91.19421599458003
848,64.67506321363066
849,32.0974232920333
850,11.14866268315972
851,87.97229070123585
852,52.98450743494803
853,43.52940433580265
854,19.913968416047584
855,82.28938852928164
856,53.987608694338775
857,80.17655423765518
858,51.09545994840543
859,3.212538457669866
860,8.071816205214525
861,84.5823784122418
862,85.47575616266231
863,27.345790871461883
864,33.78639255423241
865,74.0919701301805
866,71.70240963087886
867,35.876285912490424
868,66.89938244756024
869,11.512552034582976
870,99.44831493986992
871,9.900626600053544
872,34.09091176254833
873,8.644764794659245
874,87.23829566944598
875,95.12342687484949
876,24.20767629939357
877,62.67896677881671
878,89.49120328409745
879,64.5106412670072
880,15.953757734159518
881,27.08074476835371
882,28.738395910424
883,42.677158609787064
884,77.73279561738626
885,43.10710371316083
886,4.579774299058665
887,89.92359374180282
888,4.473839005317272
889,26.430109787410117
890,37.68990119673974
891,71.75689614652343
892,21.640269573763952
893,59.19951462121878
894,34.417970484573615
895,13.420922089464138
896,52.40441971820968
897,63.57456475914936
898,61.8836968172377
899,45.43198800743811
900,59.785712012569405
901,76.38504201352814
902,91.64496584583101
903,45.66659167334369
904,2.1238119289180863
905,51.211480157932854
906,65.21806243053169
907,45.01809648762275
908,30.276747443100376
909,26.328632901737812
910,50.92076121339145
911,1.7673643807894734
912,27.637386169063927
913,17.609760763764996
914,46.94275022243262
915,16.259893609457897
916,28.23702691749648
917,56.02729021049443
918,63.38247868693416
919,60.804372564708856
920,10.273234014833207
921,63.40232640845057
922,49.866867657851394
923,23.294303821129972
924,77.21814732147526
925,14.80203090880098
926,53.44656039370586
927,35.57966195991375
928,75.33510194234698
929,21.52846309634123
930,17.08324071273778
931,33.87147437098179
932,31.75216052537531
933,37.470973434330325
934,27.647172262651022
935,97.06100596536096
936,39.90636858639315
937,77.85465641856693
938,47.9731028932993
939,25.92879001004333
940,65.13694475414898
941,32.632418367458094
942,4.9540259854929465
943,64.47085931820469
944,11.693385647008041
945,86.93384104988047
946,28.292316063585872
947,62.497862715497455
948,81.92524757853288
949,35.254963701516694
950,76.36812519814798
951,75.65479080041099
952,23.927727323581838
953,17.195384626210796
954,80.60314620737566
955,48.70775668416463
956,68.94394676547984
957,86.22341676851882
958,58.54226320155446
959,10.483493076063526
960,44.17173398077329
961,91.3622482788856
962,59.63324818507685
963,81.38308537001853
964,3.4079722919739552
965,92.57102661257089
966,38.70987956466917
967,58.64313725226751
968,46.81867776736356
969,16.438485066642077
970,67.49321095333697
971,88.49167058962257
972,83.26887841541907
973,69.97657274583314
974,95.760421384727
975,33.86674769305277
976,93.39762148827386
977,14.908047614298038
978,55.0807917383474
979,8.348497585761388
980,57.17798722528508
981,74.37672470555643
982,54.12996507839233
983,54.384997900573204
984,48.285136701678354
985,82.40703606992017
986,21.206642979417442
987,99.85918447662061
988,13.106181616366982
989,92.71693087977134
990,29.209881324355052
991,48.66488508512036
992,54.761672652431805
993,28.883416034792937
994,91.61317783735184
995,4.843204012566149
996,49.48797410755931
997,64.26783519268554
998,96.93052233821284
999,38.29964935535232
